-0.00,0.00,-0.00
0.02,-0.02,-0.00
-0.00,-0.02,-0.00
-0.00,-0.02,-0.00
-0.00,-0.01,0.00
0.02,0.01,0.00
0.01,0.01,-1.35
0.02,0.01,-2.71
0.04,0.03,-4.08
0.04,0.05,-5.44
0.03,0.04,-6.81
0.03,0.04,-8.18
0.05,0.04,-9.56
0.05,0.03,-10.93
0.04,0.05,-12.30
0.06,0.05,-13.67
0.06,0.05,-15.04
0.07,0.04,-16.41
0.07,0.06,-17.85
0.08,0.06,-19.20
0.07,0.06,-20.56
0.06,0.07,-21.91
0.06,0.06,-23.25
0.06,0.06,-24.59
0.05,0.05,-25.92
0.07,0.04,-27.24
0.06,0.03,-28.55
0.05,0.03,-29.86
0.05,0.05,-31.15
0.04,0.04,-32.43
0.04,0.06,-33.70
0.03,0.06,-34.97
0.03,0.08,-36.22
0.05,0.10,-37.45
0.04,0.11,-38.67
0.06,0.10,-39.88
0.06,0.11,-41.07
0.03,0.10,-42.25
0.05,0.11,-43.42
0.04,0.11,-44.57
0.04,0.09,-45.70
0.04,0.09,-46.81
0.04,0.11,-47.92
0.03,0.09,-49.00
0.03,0.09,-50.07
0.03,0.08,-51.12
0.02,0.07,-52.16
0.04,0.07,-53.18
0.04,0.06,-54.19
0.04,0.05,-55.18
0.03,0.07,-56.15
0.05,0.06,-57.10
0.04,0.06,-58.04
0.02,0.05,-58.96
0.02,0.07,-59.87
0.04,0.09,-60.76
0.04,0.09,-61.64
0.03,0.10,-62.50
0.03,0.11,-63.34
0.05,0.12,-64.16
0.05,0.11,-64.97
0.06,0.10,-65.76
0.08,0.09,-66.53
0.07,0.08,-67.29
0.07,0.10,-68.03
0.08,0.09,-68.76
0.07,0.08,-69.48
0.07,0.08,-70.19
0.06,0.09,-70.88
0.07,0.10,-71.56
0.09,0.09,-72.22
0.09,0.08,-72.86
0.08,0.08,-73.50
0.07,0.09,-74.13
0.06,0.10,-74.73
0.03,0.12,-75.33
0.03,0.11,-75.91
0.05,0.12,-76.48
0.05,0.11,-77.03
0.07,0.10,-77.57
0.06,0.09,-78.10
0.05,0.08,-78.62
0.05,0.09,-79.13
0.04,0.09,-79.62
0.04,0.08,-80.11
0.05,0.07,-80.58
0.07,0.09,-81.05
0.07,0.08,-81.50
0.06,0.08,-81.94
0.06,0.07,-82.37
0.06,0.06,-82.79
0.05,0.03,-83.21
0.04,0.06,-83.61
0.06,0.05,-84.01
0.07,0.05,-84.39
0.07,0.09,-84.77
0.08,0.10,-85.14
0.05,0.11,-85.49
0.05,0.08,-85.85
0.05,0.09,-86.19
0.07,0.09,-86.54
0.06,0.08,-86.86
0.05,0.10,-87.17
0.07,0.11,-87.48
0.04,0.10,-87.78
0.04,0.12,-88.07
0.04,0.13,-88.36
0.03,0.09,-88.65
0.03,0.11,-88.93
0.03,0.05,-89.21
0.03,0.04,-89.47
0.02,0.06,-89.72
0.05,0.06,-89.99
0.04,0.07,-90.23
0.06,0.07,-90.48
0.08,0.06,-90.70
0.07,0.06,-90.93
0.06,0.05,-91.15
0.06,0.07,-91.36
0.06,0.09,-91.57
0.02,0.08,-91.78
0.04,0.09,-91.98
0.04,0.08,-92.17
0.03,0.07,-92.37
0.05,0.06,-92.55
0.03,0.10,-92.74
0.02,0.07,-92.91
0.02,0.08,-93.08
0.02,0.05,-93.25
0.02,0.05,-93.42
0.02,0.06,-93.61
0.02,0.11,-93.78
-0.01,0.17,-93.91
0.02,0.15,-94.06
0.01,0.11,-94.20
0.01,0.05,-94.36
0.01,0.05,-94.49
0.01,0.04,-94.63
0.03,0.08,-94.75
0.03,0.08,-94.89
0.03,0.05,-95.01
0.02,0.02,-95.16
0.02,0.04,-95.28
0.02,0.06,-95.40
0.02,0.10,-95.52
-0.01,0.09,-95.63
-0.01,0.08,-95.74
-0.00,0.07,-95.85
-0.00,0.09,-95.96
0.02,0.08,-96.07
0.01,0.07,-96.17
0.01,0.09,-96.27
0.01,0.11,-96.37
0.01,0.12,-96.46
0.01,0.08,-96.55
0.01,0.08,-96.65
0.03,0.07,-96.74
0.03,0.09,-96.82
0.05,0.10,-96.91
0.04,0.14,-96.98
0.04,0.12,-97.06
0.06,0.11,-97.13
0.04,0.08,-97.22
0.04,0.05,-97.30
0.01,0.04,-97.36
0.01,0.06,-97.43
-0.01,0.08,-97.50
0.01,0.05,-97.57
0.01,0.06,-97.64
-0.01,0.08,-97.70
-0.01,0.12,-97.77
-0.00,0.09,-97.83
-0.00,0.08,-97.89
0.02,0.05,-97.95
0.02,0.05,-98.01
0.04,0.07,-98.06
0.06,0.08,-98.11
0.05,0.07,-98.15
0.05,0.07,-98.21
0.07,0.08,-98.26
0.06,0.12,-98.30
0.05,0.13,-98.34
0.07,0.12,-98.38
0.06,0.11,-98.42
0.08,0.10,-98.47
0.09,0.11,-98.51
0.11,0.12,-98.55
0.08,0.09,-98.60
0.09,0.06,-98.65
0.11,0.08,-98.69
0.11,0.07,-98.73
0.10,0.07,-98.77
0.10,0.06,-98.81
0.09,0.07,-98.85
0.06,0.07,-98.89
0.05,0.06,-98.93
0.05,0.05,-98.96
0.05,0.05,-98.99
0.04,0.02,-99.02
0.04,-0.01,-99.05
0.03,0.02,-99.09
0.03,0.02,-99.11
0.03,0.04,-99.13
0.02,0.03,-99.16
0.02,0.01,-99.19
0.02,0.01,-99.22
0.04,0.03,-99.24
0.04,0.03,-99.27
0.05,0.01,-99.29
0.07,0.01,-99.32
0.07,0.00,-99.34
0.04,0.03,-99.36
0.03,0.03,-99.37
0.00,0.04,-99.39
-0.02,0.04,-99.41
0.00,0.06,-99.42
0.03,0.06,-99.44
0.05,0.07,-99.46
0.07,0.07,-99.47
0.06,0.09,-99.49
0.06,0.13,-99.50
0.05,0.14,-99.52
0.04,0.12,-99.54
0.06,0.13,-99.55
0.05,0.12,-99.57
0.05,0.11,-99.58
0.04,0.10,-99.60
0.04,0.09,-99.61
0.04,0.09,-99.63
0.08,0.08,-99.65
0.07,0.12,-99.66
0.06,0.11,-99.68
0.06,0.12,-99.69
0.05,0.11,-99.71
0.04,0.10,-99.72
0.04,0.09,-99.74
0.04,0.11,-99.75
0.06,0.10,-99.76
0.03,0.09,-99.77
0.03,0.03,-99.78
0.04,0.05,-99.80
0.04,0.07,-99.81
0.03,0.06,-99.81
0.02,0.08,-99.82
0.02,0.07,-99.84
-0.01,0.09,-99.85
-0.01,0.06,-99.86
-0.01,0.08,-99.87
-0.01,0.07,-99.87
0.01,0.06,-99.88
0.01,0.08,-99.89
0.01,0.09,-99.90
0.01,0.11,-99.90
0.01,0.12,-99.91
0.01,0.11,-99.92
0.01,0.10,-99.93
0.03,0.09,-99.94
0.00,0.10,-99.95
0.03,0.12,-99.96
0.02,0.11,-99.97
0.04,0.12,-99.98
0.04,0.11,-99.99
0.03,0.10,-99.99
0.03,0.09,-100.00
0.01,0.14,-100.01
0.01,0.12,-100.02
0.01,0.11,-100.02
0.01,0.13,-100.02
0.00,0.11,-100.03
0.00,0.10,-100.04
-0.02,0.10,-100.04
-0.02,0.11,-100.05
0.01,0.10,-100.05
0.01,0.11,-100.06
0.03,0.13,-100.07
0.01,0.11,-100.08
0.01,0.13,-100.09
0.03,0.11,-100.09
0.03,0.13,-100.10
0.03,0.12,-100.10
0.02,0.13,-100.11
0.02,0.14,-100.11
0.04,0.15,-100.11
0.04,0.16,-100.11
0.04,0.14,-100.12
0.01,0.13,-100.13
0.01,0.14,-100.13
0.00,0.13,-100.13
-0.02,0.11,-100.14
-0.02,0.10,-100.14
0.00,0.12,-100.14
0.02,0.11,-100.15
0.02,0.10,-100.15
0.02,0.11,-100.15
0.02,0.10,-100.15
0.04,0.08,-100.15
0.06,0.10,-100.16
0.06,0.10,-100.16
0.05,0.09,-100.16
0.06,0.08,-100.17
0.06,0.15,-100.17
0.08,0.14,-100.17
0.09,0.15,-100.17
0.08,0.16,-100.18
0.07,0.14,-100.18
0.07,0.13,-100.18
0.06,0.14,-100.18
0.05,0.15,-100.18
0.05,0.16,-100.18
0.07,0.16,-100.18
0.06,0.14,-100.18
0.07,0.13,-100.18
0.07,0.14,-100.18
0.06,0.15,-100.18
0.08,0.14,-100.18
0.07,0.13,-100.18
0.04,0.14,-100.18
0.03,0.15,-100.18
0.03,0.13,-100.19
0.02,0.14,-100.19
0.02,0.13,-100.19
0.04,0.10,-100.19
0.04,0.07,-100.20
0.04,0.08,-100.20
0.03,0.10,-100.19
0.03,0.09,-100.19
0.03,0.08,-100.19
0.00,0.07,-100.20
-0.00,0.07,-100.20
-0.00,0.08,-100.19
0.02,0.10,-100.20
0.04,0.07,-100.20
0.03,0.08,-100.21
0.03,0.09,-100.21
0.04,0.09,-100.21
0.04,0.07,-100.22
0.06,0.07,-100.23
0.08,0.04,-100.23
0.07,0.04,-100.23
0.07,0.06,-100.23
0.08,0.08,-100.24
0.08,0.05,-100.24
0.07,0.07,-100.24
0.06,0.08,-100.23
0.06,0.07,-100.23
0.08,0.09,-100.23
0.09,0.08,-100.23
0.08,0.07,-100.23
0.07,0.09,-100.23
0.06,0.08,-100.22
0.08,0.10,-100.23
0.07,0.09,-100.23
0.06,0.06,-100.23
0.08,0.06,-100.23
0.07,0.05,-100.23
0.07,0.05,-100.23
0.06,0.04,-100.23
0.06,0.07,-100.23
0.06,0.04,-100.23
0.05,0.03,-100.23
0.04,0.03,-100.23
0.06,0.05,-100.23
0.05,0.04,-100.24
0.05,0.04,-100.24
0.05,0.06,-100.24
0.04,0.08,-100.24
0.04,0.07,-100.23
0.03,0.06,-100.23
0.03,0.08,-100.23
0.03,0.07,-100.22
0.05,0.09,-100.21
0.04,0.08,-100.21
0.05,0.07,-100.21
0.05,0.07,-100.21
0.04,0.06,-100.22
0.01,0.06,-100.22
0.01,0.04,-100.22
0.03,0.04,-100.22
0.05,0.06,-100.23
0.04,0.03,-100.23
0.06,0.01,-100.22
0.05,0.01,-100.22
0.05,0.00,-100.22
0.04,0.00,-100.23
0.06,0.00,-100.22
0.06,0.00,-100.23
0.07,0.02,-100.23
0.07,0.07,-100.23
0.06,0.08,-100.23
0.05,0.08,-100.23
0.05,0.09,-100.23
0.02,0.08,-100.24
0.02,0.09,-100.24
0.02,0.11,-100.24
0.02,0.12,-100.25
0.02,0.14,-100.25
0.01,0.12,-100.25
0.04,0.11,-100.24
0.06,0.10,-100.24
0.05,0.11,-100.24
0.05,0.12,-100.24
0.04,0.11,-100.24
0.04,0.10,-100.25
0.06,0.11,-100.25
0.07,0.15,-100.25
0.07,0.13,-100.25
0.06,0.12,-100.26
0.06,0.13,-100.26
0.05,0.14,-100.26
0.05,0.15,-100.26
0.04,0.16,-100.27
0.01,0.14,-100.27
0.03,0.11,-100.27
0.03,0.10,-100.27
0.02,0.09,-100.28
0.02,0.13,-100.28
0.02,0.12,-100.29
0.02,0.13,-100.29
0.02,0.09,-100.29
0.04,0.08,-100.29
0.04,0.09,-100.28
0.03,0.06,-100.28
0.03,0.08,-100.28
0.03,0.07,-100.27
0.02,0.07,-100.27
0.02,0.06,-100.26
0.02,0.08,-100.26
0.02,0.05,-100.27
0.02,0.07,-100.27
0.01,0.08,-100.26
0.03,0.12,-100.26
0.03,0.15,-100.26
0.03,0.14,-100.25
0.03,0.10,-100.25
0.02,0.09,-100.25
0.04,0.10,-100.25
0.04,0.09,-100.25
0.03,0.11,-100.25
0.03,0.12,-100.25
0.03,0.13,-100.25
0.03,0.14,-100.25
0.03,0.15,-100.25
0.03,0.16,-100.26
0.05,0.14,-100.25
0.06,0.13,-100.26
0.06,0.14,-100.26
0.05,0.13,-100.26
0.04,0.11,-100.26
0.04,0.12,-100.26
0.04,0.16,-100.26
0.04,0.16,-100.26
0.03,0.17,-100.26
0.03,0.18,-100.26
0.02,0.18,-100.26
0.02,0.17,-100.26
0.01,0.15,-100.26
0.01,0.15,-100.26
0.01,0.16,-100.26
0.01,0.19,-100.27
0.01,0.22,-100.27
-0.01,0.20,-100.26
-0.01,0.18,-100.27
-0.01,0.18,-100.26
-0.01,0.19,-100.26
-0.01,0.19,-100.26
-0.03,0.19,-100.25
-0.03,0.20,-100.25
-0.05,0.20,-100.25
-0.04,0.18,-100.26
-0.03,0.16,-100.26
-0.03,0.17,-100.26
-0.00,0.18,-100.26
-0.00,0.14,-100.27
-0.00,0.13,-100.27
-0.00,0.11,-100.27
-0.01,0.10,-100.26
0.02,0.09,-100.26
0.02,0.11,-100.26
0.01,0.07,-100.26
0.01,0.09,-100.26
0.01,0.08,-100.26
0.01,0.07,-100.26
0.03,0.07,-100.26
0.03,0.09,-100.26
0.03,0.12,-100.26
0.05,0.11,-100.25
0.04,0.12,-100.25
0.06,0.11,-100.25
0.06,0.10,-100.25
0.07,0.11,-100.25
0.04,0.10,-100.25
0.04,0.11,-100.25
0.06,0.10,-100.25
0.08,0.09,-100.24
0.07,0.09,-100.24
0.09,0.10,-100.24
0.08,0.09,-100.24
0.07,0.08,-100.23
0.06,0.10,-100.23
0.08,0.09,-100.23
0.07,0.10,-100.23
0.09,0.09,-100.23
0.10,0.08,-100.23
0.09,0.08,-100.23
0.10,0.07,-100.22
0.09,0.08,-100.22
0.06,0.10,-100.22
0.05,0.11,-100.22
0.04,0.10,-100.22
0.04,0.09,-100.22
0.03,0.11,-100.22
0.06,0.09,-100.23
0.07,0.09,-100.23
0.06,0.06,-100.23
0.06,0.08,-100.24
0.05,0.09,-100.23
0.06,0.11,-100.23
0.05,0.09,-100.23
0.05,0.11,-100.23
0.04,0.10,-100.23
0.04,0.11,-100.23
0.03,0.10,-100.22
0.05,0.09,-100.22
0.05,0.10,-100.22
0.06,0.11,-100.22
0.05,0.12,-100.23
0.07,0.11,-100.23
0.06,0.10,-100.23
0.06,0.09,-100.23
0.05,0.10,-100.24
0.07,0.11,-100.24
0.06,0.10,-100.24
0.06,0.09,-100.24
0.05,0.08,-100.24
0.05,0.10,-100.24
0.04,0.09,-100.24
0.06,0.10,-100.24
0.06,0.09,-100.24
0.05,0.08,-100.24
0.05,0.08,-100.24
0.04,0.09,-100.24
0.03,0.11,-100.24
0.03,0.11,-100.24
0.03,0.10,-100.24
0.03,0.11,-100.24
0.02,0.10,-100.24
0.02,0.11,-100.23
0.02,0.12,-100.23
0.02,0.11,-100.23
0.02,0.09,-100.23
0.02,0.11,-100.23
0.01,0.10,-100.23
0.01,0.09,-100.23
0.01,0.05,-100.23
0.03,0.07,-100.23
0.03,0.06,-100.22
0.03,0.06,-100.23
0.03,0.07,-100.23
0.04,0.07,-100.22
0.04,0.07,-100.23
0.04,0.07,-100.22
0.03,0.06,-100.22
0.03,0.07,-100.21
0.03,0.07,-100.21
0.02,0.06,-100.21
0.02,0.06,-100.21
0.02,0.07,-100.22
0.02,0.09,-100.23
0.01,0.10,-100.23
0.01,0.09,-100.24
0.01,0.08,-100.24
0.01,0.08,-100.24
0.01,0.09,-100.24
0.00,0.08,-100.24
0.00,0.08,-100.24
0.00,0.07,-100.25
0.00,0.06,-100.25
0.00,0.06,-100.25
0.00,0.07,-100.25
0.03,0.06,-100.25
-0.00,0.03,-100.24
-0.00,0.03,-100.25
0.02,0.03,-100.25
0.02,0.05,-100.25
0.02,0.04,-100.25
0.04,0.06,-100.24
0.03,0.08,-100.24
0.01,0.07,-100.24
0.01,0.04,-100.24
0.01,0.03,-100.24
0.01,0.03,-100.24
0.04,0.03,-100.24
0.03,0.03,-100.24
0.03,0.03,-100.24
0.03,0.03,-100.24
0.04,0.03,-100.24
0.06,0.00,-100.24
0.06,-0.00,-100.24
0.03,0.02,-100.23
0.03,0.04,-100.23
0.02,0.04,-100.24
0.04,0.06,-100.24
0.04,0.08,-100.24
0.06,0.09,-100.24
0.05,0.08,-100.25
0.05,0.07,-100.25
0.05,0.07,-100.26
0.04,0.07,-100.26
0.04,0.06,-100.27
0.03,0.05,-100.27
0.03,0.07,-100.27
0.02,0.07,-100.28
0.00,0.06,-100.28
-0.00,0.08,-100.27
-0.00,0.07,-100.27
-0.00,0.09,-100.27
-0.02,0.08,-100.26
-0.02,0.07,-100.26
-0.02,0.09,-100.26
-0.02,0.10,-100.26
-0.04,0.10,-100.26
-0.04,0.09,-100.26
-0.01,0.08,-100.26
-0.01,0.07,-100.26
-0.01,0.07,-100.26
-0.01,0.07,-100.26
0.01,0.08,-100.27
0.01,0.07,-100.26
0.03,0.07,-100.27
0.02,0.06,-100.27
0.02,0.05,-100.27
0.02,0.07,-100.27
0.01,0.09,-100.27
0.01,0.08,-100.27
0.01,0.08,-100.27
0.01,0.07,-100.27
0.03,0.06,-100.28
0.03,0.08,-100.28
0.03,0.07,-100.28
0.02,0.06,-100.27
0.04,0.05,-100.27
0.04,0.07,-100.27
0.03,0.06,-100.27
0.03,0.07,-100.28
0.03,0.06,-100.29
0.02,0.08,-100.29
0.04,0.07,-100.29
0.04,0.07,-100.30
0.01,0.06,-100.29
0.03,0.06,-100.29
0.05,0.05,-100.29
0.07,0.04,-100.28
0.06,0.06,-100.28
0.05,0.07,-100.28
0.05,0.09,-100.28
0.07,0.10,-100.28
0.06,0.12,-100.28
0.05,0.11,-100.28
0.05,0.10,-100.28
0.04,0.12,-100.28
0.01,0.13,-100.29
-0.01,0.14,-100.29
-0.01,0.13,-100.29
-0.01,0.12,-100.30
0.01,0.13,-100.30
0.00,0.14,-100.30
0.02,0.11,-100.30
0.02,0.12,-100.30
0.01,0.10,-100.30
0.01,0.10,-100.30
0.03,0.09,-100.30
0.03,0.06,-100.30
0.05,0.05,-100.30
0.04,0.05,-100.30
0.06,0.04,-100.30
0.03,0.07,-100.30
0.03,0.08,-100.30
0.02,0.08,-100.29
0.02,0.07,-100.30
0.01,0.07,-100.30
0.01,0.09,-100.30
0.03,0.08,-100.30
0.03,0.08,-100.30
0.02,0.09,-100.30
0.04,0.11,-100.30
0.04,0.10,-100.30
0.04,0.09,-100.30
0.03,0.08,-100.30
0.03,0.07,-100.30
0.02,0.07,-100.30
0.02,0.06,-100.30
0.04,0.08,-100.30
0.06,0.10,-100.30
0.08,0.09,-100.30
0.06,0.08,-100.30
0.05,0.10,-100.30
0.05,0.09,-100.30
0.04,0.10,-100.30
0.04,0.07,-100.30
0.04,0.07,-100.30
0.03,0.08,-100.30
0.03,0.08,-100.30
0.05,0.05,-100.30
0.04,0.05,-100.30
0.04,0.04,-100.30
0.04,0.04,-100.30
0.04,0.06,-100.29
0.06,0.05,-100.29
0.03,0.07,-100.29
0.05,0.06,-100.29
0.06,0.05,-100.28
0.06,0.05,-100.28
0.05,0.02,-100.28
0.04,0.02,-100.28
0.04,0.02,-100.28
0.03,0.04,-100.28
0.03,0.04,-100.28
0.02,0.01,-100.28
0.05,0.01,-100.28
0.04,0.03,-100.28
0.02,0.02,-100.27
0.02,0.02,-100.27
0.01,0.02,-100.26
0.03,0.02,-100.26
0.00,0.02,-100.26
0.00,0.02,-100.25
0.00,0.01,-100.25
0.02,0.01,-100.25
0.02,0.01,-100.25
0.02,0.01,-100.24
0.04,0.01,-100.24
0.04,0.01,-100.24
0.03,0.04,-100.24
0.03,0.01,-100.24
0.05,0.01,-100.24
0.04,0.01,-100.23
0.04,0.00,-100.22
0.03,-0.00,-100.22
0.05,-0.00,-100.22
0.05,-0.00,-100.22
0.05,-0.00,-100.23
0.04,0.02,-100.23
0.06,0.02,-100.23
0.07,0.02,-100.23
0.06,0.02,-100.23
0.05,0.04,-100.22
0.05,0.03,-100.23
0.04,0.03,-100.23
0.04,0.03,-100.22
0.03,0.02,-100.22
0.05,0.04,-100.21
0.04,0.06,-100.21
0.04,0.06,-100.21
0.04,0.05,-100.20
0.06,0.07,-100.20
0.07,0.09,-100.20
0.09,0.08,-100.21
0.08,0.08,-100.21
0.09,0.09,-100.22
0.08,0.08,-100.22
0.07,0.10,-100.22
0.06,0.09,-100.22
0.08,0.10,-100.22
0.07,0.12,-100.22
0.04,0.10,-100.22
0.04,0.12,-100.21
0.03,0.09,-100.21
0.01,0.08,-100.21
0.01,0.07,-100.21
0.00,0.06,-100.20
-0.00,0.08,-100.20
-0.00,0.09,-100.20
0.00,0.09,-100.20
0.00,0.08,-100.20
0.01,0.10,-100.20
0.00,0.09,-100.20
0.01,0.08,-100.20
0.03,0.08,-100.20
0.02,0.07,-100.20
0.02,0.06,-100.20
0.02,0.08,-100.20
0.04,0.10,-100.20
0.04,0.11,-100.19
0.03,0.12,-100.20
0.03,0.11,-100.19
0.02,0.10,-100.19
0.02,0.09,-100.19
0.02,0.11,-100.20
0.01,0.10,-100.20
0.01,0.09,-100.20
0.03,0.10,-100.20
0.03,0.07,-100.20
0.03,0.08,-100.20
0.05,0.10,-100.21
0.04,0.09,-100.21
0.04,0.10,-100.21
0.06,0.10,-100.22
0.06,0.09,-100.22
0.05,0.08,-100.22
0.04,0.05,-100.23
0.06,0.05,-100.24
0.03,0.05,-100.24
0.03,0.04,-100.24
0.03,0.04,-100.24
0.05,0.04,-100.24
0.05,0.03,-100.24
0.04,0.03,-100.24
0.06,0.03,-100.24
0.05,0.02,-100.23
0.05,-0.00,-100.24
0.04,-0.01,-100.23
0.04,0.04,-100.23
0.04,0.03,-100.23
0.03,0.03,-100.23
0.00,0.03,-100.23
0.00,0.02,-100.23
0.03,0.03,-100.23
0.02,0.03,-100.23
0.02,0.03,-100.23
0.01,0.05,-100.23
0.01,0.02,-100.23
0.01,0.02,-100.23
0.01,0.02,-100.24
0.00,0.04,-100.24
0.00,0.06,-100.24
-0.00,0.05,-100.23
-0.00,0.05,-100.23
0.02,0.04,-100.24
0.02,0.06,-100.24
0.02,0.05,-100.24
0.01,0.07,-100.25
0.01,0.07,-100.25
0.01,0.04,-100.25
0.01,0.06,-100.26
0.01,0.08,-100.26
0.01,0.09,-100.26
0.01,0.09,-100.26
0.00,0.08,-100.26
0.00,0.10,-100.27
0.00,0.09,-100.26
0.00,0.07,-100.26
0.03,0.07,-100.25
0.02,0.06,-100.25
0.02,0.05,-100.25
0.02,0.07,-100.24
0.01,0.06,-100.24
0.04,0.06,-100.24
0.04,0.05,-100.24
0.06,0.06,-100.23
0.05,0.07,-100.23
0.06,0.07,-100.23
0.05,0.06,-100.23
0.05,0.05,-100.23
0.05,0.10,-100.24
0.04,0.11,-100.24
0.01,0.12,-100.24
0.01,0.11,-100.25
0.01,0.10,-100.25
0.01,0.09,-100.25
0.01,0.08,-100.25
-0.02,0.09,-100.24
0.00,0.09,-100.24
0.02,0.10,-100.24
0.02,0.09,-100.23
-0.00,0.08,-100.23
-0.01,0.09,-100.23
0.02,0.08,-100.23
0.02,0.08,-100.23
0.03,0.09,-100.23
0.03,0.08,-100.23
0.02,0.08,-100.23
-0.00,0.05,-100.23
-0.00,0.09,-100.23
-0.00,0.10,-100.24
-0.00,0.14,-100.24
-0.00,0.11,-100.24
-0.01,0.12,-100.23
-0.01,0.15,-100.23
-0.01,0.16,-100.23
-0.03,0.14,-100.23
-0.03,0.13,-100.23
-0.03,0.14,-100.23
-0.03,0.15,-100.23
-0.02,0.16,-100.23
0.00,0.14,-100.24
0.02,0.13,-100.24
0.02,0.12,-100.24
-0.01,0.11,-100.24
-0.01,0.14,-100.25
0.01,0.15,-100.25
0.01,0.11,-100.26
0.01,0.11,-100.26
-0.02,0.09,-100.27
-0.02,0.09,-100.27
-0.02,0.10,-100.27
0.00,0.10,-100.27
0.00,0.11,-100.28
0.01,0.09,-100.28
0.00,0.11,-100.28
0.00,0.10,-100.28
0.00,0.09,-100.28
0.00,0.06,-100.27
0.03,0.05,-100.27
0.02,0.04,-100.27
0.02,0.04,-100.28
0.02,0.07,-100.28
-0.01,0.06,-100.29
-0.01,0.05,-100.29
0.01,0.05,-100.30
0.04,0.06,-100.30
0.05,0.08,-100.31
0.05,0.09,-100.31
0.07,0.08,-100.30
0.06,0.07,-100.30
0.05,0.07,-100.29
0.05,0.06,-100.29
0.04,0.05,-100.28
0.04,0.05,-100.27
0.03,0.04,-100.27
0.03,0.04,-100.27
0.02,0.06,-100.26
0.02,0.07,-100.26
0.02,0.07,-100.26
0.01,0.06,-100.25
0.01,0.08,-100.25
0.01,0.07,-100.25
0.00,0.07,-100.25
0.00,0.08,-100.24
-0.00,0.05,-100.24
0.02,0.08,-100.25
0.04,0.09,-100.25
0.04,0.10,-100.25
0.03,0.09,-100.25
0.05,0.09,-100.25
0.05,0.05,-100.25
0.04,0.07,-100.25
0.04,0.05,-100.26
0.03,0.04,-100.26
0.03,0.04,-100.26
0.01,0.06,-100.26
0.00,0.07,-100.26
0.00,0.09,-100.26
0.02,0.10,-100.26
0.02,0.07,-100.26
0.02,0.04,-100.26
0.02,0.04,-100.26
0.04,0.05,-100.27
0.03,0.07,-100.27
0.01,0.09,-100.27
0.03,0.08,-100.27
0.03,0.08,-100.27
0.02,0.07,-100.27
-0.01,0.09,-100.27
-0.00,0.10,-100.27
0.00,0.11,-100.27
-0.00,0.10,-100.27
0.00,0.09,-100.26
-0.00,0.09,-100.26
-0.00,0.10,-100.25
0.02,0.12,-100.25
0.02,0.14,-100.26
0.01,0.12,-100.26
0.01,0.11,-100.26
0.03,0.10,-100.26
0.00,0.11,-100.27
0.00,0.10,-100.27
-0.00,0.11,-100.27
-0.01,0.10,-100.28
-0.01,0.10,-100.29
-0.01,0.06,-100.29
-0.01,0.08,-100.29
-0.01,0.07,-100.29
-0.01,0.06,-100.29
0.02,0.08,-100.30
0.04,0.10,-100.30
0.05,0.08,-100.30
0.05,0.07,-100.30
0.05,0.09,-100.30
0.04,0.11,-100.30
0.01,0.12,-100.30
0.01,0.13,-100.31
0.01,0.14,-100.31
0.01,0.13,-100.30
0.01,0.15,-100.31
0.03,0.18,-100.30
0.03,0.16,-100.30
0.02,0.15,-100.31
0.02,0.16,-100.31
0.04,0.12,-100.31
0.03,0.08,-100.31
0.03,0.08,-100.31
0.02,0.10,-100.31
-0.00,0.09,-100.31
0.02,0.08,-100.30
0.01,0.09,-100.30
0.01,0.11,-100.30
0.01,0.09,-100.30
0.01,0.06,-100.30
0.00,0.06,-100.30
0.00,0.05,-100.30
-0.00,0.05,-100.30
0.02,0.05,-100.30
0.02,0.04,-100.31
0.02,0.06,-100.31
0.02,0.05,-100.32
0.02,0.07,-100.32
0.01,0.09,-100.32
0.01,0.10,-100.32
0.01,0.10,-100.32
-0.01,0.11,-100.32
-0.01,0.07,-100.32
-0.04,0.07,-100.32
-0.03,0.06,-100.32
-0.01,0.05,-100.32
-0.01,0.04,-100.32
-0.01,0.06,-100.32
-0.01,0.06,-100.33
-0.01,0.07,-100.33
-0.01,0.06,-100.33
-0.01,0.08,-100.33
-0.00,0.07,-100.33
0.02,0.11,-100.33
0.02,0.13,-100.33
0.01,0.14,-100.33
0.04,0.15,-100.33
0.03,0.16,-100.33
0.05,0.16,-100.33
0.05,0.17,-100.33
0.07,0.15,-100.33
0.08,0.14,-100.33
0.07,0.15,-100.33
0.06,0.16,-100.33
0.05,0.15,-100.32
0.05,0.13,-100.33
0.04,0.12,-100.33
0.04,0.13,-100.33
0.04,0.12,-100.34
0.06,0.13,-100.34
0.07,0.12,-100.34
0.08,0.16,-100.34
0.10,0.16,-100.34
0.07,0.17,-100.34
0.08,0.18,-100.34
0.10,0.18,-100.34
0.09,0.16,-100.33
0.08,0.12,-100.33
0.07,0.14,-100.33
0.09,0.13,-100.33
0.08,0.14,-100.33
0.07,0.12,-100.33
0.09,0.11,-100.33
0.08,0.10,-100.33
0.07,0.08,-100.33
0.09,0.10,-100.33
0.08,0.09,-100.33
0.07,0.08,-100.33
0.07,0.07,-100.33
0.06,0.08,-100.33
0.05,0.10,-100.33
0.05,0.09,-100.33
0.06,0.08,-100.33
0.08,0.10,-100.33
0.07,0.11,-100.34
0.07,0.10,-100.34
0.06,0.11,-100.34
0.04,0.10,-100.34
0.06,0.11,-100.34
0.06,0.10,-100.34
0.05,0.09,-100.35
0.05,0.08,-100.35
0.04,0.07,-100.35
0.06,0.09,-100.34
0.06,0.08,-100.35
0.05,0.10,-100.34
0.06,0.08,-100.34
0.06,0.10,-100.34
0.05,0.11,-100.34
0.05,0.10,-100.34
0.04,0.07,-100.34
0.06,0.06,-100.34
0.05,0.08,-100.34
0.07,0.07,-100.33
0.06,0.04,-100.32
0.06,0.04,-100.32
0.08,0.04,-100.32
0.07,0.03,-100.31
0.05,0.06,-100.31
0.04,0.05,-100.30
0.03,0.04,-100.29
0.03,0.04,-100.28
0.03,0.06,-100.28
0.03,0.05,-100.27
0.00,0.05,-100.27
0.00,0.04,-100.27
0.00,0.05,-100.27
0.03,0.02,-100.27
0.03,0.04,-100.27
0.02,0.04,-100.27
0.02,0.03,-100.27
-0.01,0.03,-100.26
-0.01,0.05,-100.26
0.02,0.07,-100.26
0.02,0.06,-100.26
0.02,0.06,-100.26
0.02,0.03,-100.26
0.02,0.05,-100.26
0.01,0.07,-100.25
0.01,0.11,-100.25
0.01,0.10,-100.25
0.01,0.09,-100.25
0.01,0.08,-100.25
-0.01,0.10,-100.25
-0.01,0.11,-100.24
-0.01,0.10,-100.24
0.02,0.09,-100.24
0.01,0.08,-100.24
0.01,0.10,-100.25
0.01,0.13,-100.25
0.01,0.14,-100.25
0.03,0.15,-100.25
0.03,0.14,-100.25
0.03,0.14,-100.25
0.05,0.13,-100.25
0.07,0.12,-100.25
0.06,0.11,-100.24
0.06,0.10,-100.24
0.08,0.11,-100.24
0.07,0.13,-100.24
0.06,0.11,-100.23
0.05,0.10,-100.23
0.05,0.09,-100.23
0.04,0.11,-100.23
0.04,0.09,-100.23
0.04,0.11,-100.23
0.04,0.15,-100.23
0.03,0.15,-100.22
0.03,0.13,-100.22
0.03,0.12,-100.22
0.03,0.13,-100.22
0.03,0.09,-100.22
0.03,0.09,-100.22
0.05,0.08,-100.23
0.04,0.07,-100.23
0.03,0.08,-100.24
0.03,0.05,-100.24
0.03,0.07,-100.24
0.03,0.06,-100.24
0.02,0.05,-100.24
0.05,0.05,-100.24
0.04,0.09,-100.24
0.04,0.10,-100.24
0.04,0.11,-100.24
0.04,0.12,-100.24
0.03,0.13,-100.23
0.01,0.17,-100.24
0.01,0.17,-100.24
0.01,0.18,-100.24
0.03,0.16,-100.24
0.03,0.19,-100.24
0.03,0.17,-100.24
0.05,0.15,-100.24
0.04,0.14,-100.25
0.04,0.13,-100.25
0.03,0.12,-100.25
0.05,0.12,-100.24
0.04,0.13,-100.24
0.04,0.14,-100.24
0.06,0.12,-100.24
0.08,0.11,-100.24
0.07,0.10,-100.23
0.07,0.09,-100.23
0.06,0.10,-100.24
0.05,0.09,-100.24
0.05,0.09,-100.25
0.05,0.10,-100.25
0.02,0.10,-100.25
0.01,0.06,-100.25
0.01,0.08,-100.24
0.03,0.07,-100.24
0.03,0.11,-100.24
0.02,0.10,-100.23
0.05,0.09,-100.23
0.04,0.10,-100.22
0.04,0.11,-100.22
0.04,0.10,-100.22
0.01,0.09,-100.22
0.01,0.10,-100.22
0.01,0.12,-100.22
0.03,0.08,-100.22
0.05,0.09,-100.23
0.07,0.08,-100.23
0.06,0.10,-100.23
0.05,0.06,-100.24
0.07,0.06,-100.24
0.06,0.05,-100.24
0.03,0.05,-100.24
0.03,0.07,-100.25
0.03,0.07,-100.24
0.02,0.06,-100.25
0.05,0.05,-100.25
0.04,0.07,-100.25
0.04,0.07,-100.25
0.04,0.08,-100.25
0.03,0.10,-100.25
0.03,0.11,-100.25
0.05,0.10,-100.25
0.07,0.09,-100.25
0.06,0.10,-100.26
0.05,0.09,-100.26
0.05,0.05,-100.26
0.05,0.05,-100.26
0.06,0.05,-100.27
0.06,0.04,-100.27
0.05,0.06,-100.27
0.07,0.05,-100.27
0.07,0.05,-100.28
0.06,0.04,-100.28
0.06,0.04,-100.28
0.05,0.04,-100.27
0.05,0.03,-100.27
0.07,0.05,-100.27
0.08,0.07,-100.27
0.07,0.07,-100.27
0.06,0.06,-100.27
0.08,0.08,-100.27
0.09,0.09,-100.27
0.08,0.11,-100.27
0.08,0.12,-100.27
0.09,0.13,-100.27
0.11,0.14,-100.27
0.10,0.13,-100.28
0.09,0.14,-100.28
0.10,0.12,-100.27
0.11,0.09,-100.28
0.10,0.10,-100.27
0.09,0.11,-100.28
0.06,0.10,-100.27
0.06,0.09,-100.27
0.05,0.09,-100.27
0.07,0.08,-100.27
0.06,0.07,-100.27
0.08,0.07,-100.27
0.07,0.06,-100.28
0.06,0.08,-100.28
0.08,0.09,-100.28
0.09,0.08,-100.27
0.08,0.07,-100.28
0.08,0.09,-100.28
0.07,0.11,-100.28
0.06,0.09,-100.28
0.05,0.08,-100.28
0.07,0.10,-100.28
0.09,0.09,-100.29
0.08,0.08,-100.29
0.07,0.10,-100.29
0.06,0.09,-100.29
0.05,0.11,-100.29
0.05,0.10,-100.29
0.05,0.11,-100.30
0.02,0.12,-100.30
0.02,0.11,-100.30
0.02,0.10,-100.30
0.02,0.09,-100.29
0.02,0.06,-100.29
0.03,0.05,-100.29
0.03,0.07,-100.29
-0.00,0.09,-100.29
0.00,0.10,-100.30
0.00,0.11,-100.30
0.00,0.08,-100.30
0.02,0.09,-100.30
0.02,0.11,-100.31
0.02,0.10,-100.30
0.04,0.09,-100.30
0.06,0.08,-100.30
0.03,0.07,-100.30
0.03,0.04,-100.29
0.03,0.04,-100.29
0.03,0.06,-100.29
0.02,0.06,-100.29
0.02,0.05,-100.28
0.02,0.05,-100.28
0.02,0.04,-100.28
0.02,0.06,-100.27
0.02,0.05,-100.27
0.02,0.05,-100.27
-0.01,0.05,-100.27
0.01,0.04,-100.27
0.01,0.06,-100.27
0.02,0.08,-100.27
0.02,0.06,-100.27
-0.01,0.08,-100.26
-0.01,0.07,-100.26
-0.01,0.09,-100.25
0.01,0.11,-100.25
0.01,0.10,-100.25
0.01,0.09,-100.25
0.01,0.11,-100.24
0.01,0.12,-100.24
0.03,0.13,-100.24
0.05,0.12,-100.24
0.04,0.11,-100.24
0.04,0.10,-100.24
0.03,0.09,-100.24
0.05,0.10,-100.24
0.07,0.11,-100.24
0.06,0.12,-100.24
0.07,0.13,-100.24
0.04,0.14,-100.24
0.04,0.13,-100.24
0.03,0.12,-100.25
0.03,0.13,-100.25
0.05,0.13,-100.25
0.02,0.12,-100.25
0.02,0.13,-100.26
0.04,0.14,-100.26
0.03,0.15,-100.26
0.03,0.14,-100.26
0.02,0.14,-100.26
0.05,0.13,-100.26
0.04,0.14,-100.27
0.04,0.12,-100.27
0.03,0.13,-100.27
0.05,0.14,-100.27
0.08,0.15,-100.27
0.07,0.14,-100.27
0.07,0.15,-100.28
0.08,0.16,-100.28
0.07,0.14,-100.28
0.04,0.12,-100.28
0.04,0.13,-100.28
0.04,0.14,-100.29
0.03,0.13,-100.28
0.05,0.12,-100.28
0.07,0.13,-100.28
0.06,0.12,-100.29
0.05,0.13,-100.28
0.05,0.14,-100.29
0.02,0.13,-100.29
0.01,0.12,-100.28
0.01,0.13,-100.28
0.03,0.11,-100.29
0.03,0.12,-100.29
0.03,0.13,-100.28
0.03,0.14,-100.28
0.03,0.15,-100.28
0.02,0.14,-100.28
0.04,0.12,-100.28
0.04,0.11,-100.28
0.04,0.10,-100.27
0.01,0.09,-100.27
0.01,0.10,-100.27
0.02,0.09,-100.27
0.01,0.08,-100.26
0.03,0.07,-100.26
0.03,0.06,-100.25
0.02,0.05,-100.25
0.02,0.05,-100.25
0.02,0.04,-100.25
0.04,0.04,-100.25
0.04,0.06,-100.25
0.03,0.05,-100.25
0.03,0.07,-100.24
0.03,0.08,-100.24
0.02,0.08,-100.24
0.02,0.07,-100.24
0.02,0.06,-100.24
0.01,0.11,-100.25
0.04,0.12,-100.24
0.03,0.13,-100.24
0.03,0.14,-100.24
0.03,0.12,-100.23
0.05,0.14,-100.24
0.04,0.15,-100.24
0.04,0.13,-100.24
0.04,0.11,-100.24
0.06,0.08,-100.24
0.06,0.09,-100.24
0.05,0.08,-100.24
0.07,0.08,-100.24
0.06,0.07,-100.25
0.05,0.06,-100.24
0.05,0.08,-100.24
0.05,0.10,-100.24
0.05,0.09,-100.24
0.04,0.08,-100.24
0.03,0.07,-100.24
0.03,0.08,-100.24
0.05,0.10,-100.24
0.05,0.11,-100.24
0.07,0.10,-100.24
0.06,0.09,-100.24
0.05,0.08,-100.24
0.05,0.07,-100.24
0.04,0.06,-100.24
0.02,0.05,-100.24
0.01,0.05,-100.23
0.03,0.07,-100.23
0.03,0.06,-100.23
0.02,0.03,-100.23
-0.00,0.05,-100.23
-0.00,0.05,-100.23
-0.03,0.04,-100.23
-0.03,0.04,-100.23
-0.02,0.03,-100.22
-0.02,0.03,-100.22
-0.02,0.02,-100.22
0.00,0.03,-100.22
0.03,0.04,-100.22
0.02,0.04,-100.21
0.02,0.04,-100.22
0.02,0.03,-100.21
0.02,0.03,-100.21
0.02,0.03,-100.21
0.02,0.02,-100.21
0.04,0.02,-100.21
0.06,0.03,-100.21
0.06,0.05,-100.21
0.08,0.04,-100.21
0.07,0.04,-100.22
0.04,0.04,-100.22
0.06,0.03,-100.22
0.05,0.05,-100.22
0.05,0.05,-100.22
0.06,0.04,-100.22
0.06,0.04,-100.22
0.05,0.03,-100.22
0.07,0.05,-100.22
0.06,0.07,-100.21
0.05,0.07,-100.21
0.04,0.07,-100.21
0.04,0.08,-100.21
0.04,0.08,-100.21
0.04,0.09,-100.21
0.04,0.06,-100.21
0.03,0.07,-100.21
0.03,0.06,-100.21
0.02,0.08,-100.20
0.02,0.10,-100.20
0.02,0.06,-100.20
0.02,0.08,-100.21
0.04,0.07,-100.21
0.03,0.08,-100.22
0.03,0.10,-100.21
0.03,0.08,-100.22
0.03,0.10,-100.22
0.00,0.11,-100.22
0.02,0.12,-100.22
0.02,0.11,-100.23
0.02,0.12,-100.23
0.04,0.11,-100.23
0.04,0.10,-100.23
0.04,0.09,-100.23
0.06,0.08,-100.23
0.05,0.10,-100.23
0.07,0.11,-100.23
0.08,0.13,-100.23
0.07,0.11,-100.23
0.04,0.12,-100.23
0.04,0.11,-100.24
0.03,0.10,-100.24
0.03,0.12,-100.24
0.03,0.13,-100.24
0.02,0.12,-100.24
0.02,0.10,-100.23
0.04,0.07,-100.23
0.06,0.06,-100.23
0.07,0.06,-100.22
0.09,0.07,-100.22
0.11,0.06,-100.21
0.10,0.03,-100.21
0.09,0.03,-100.21
0.08,0.05,-100.21
0.07,0.07,-100.20
0.04,0.08,-100.20
0.03,0.07,-100.19
0.03,0.09,-100.19
0.05,0.06,-100.19
0.04,0.05,-100.20
0.04,0.07,-100.20
0.03,0.06,-100.20
0.03,0.05,-100.20
0.04,0.07,-100.20
0.03,0.09,-100.20
0.05,0.08,-100.20
0.07,0.07,-100.20
0.06,0.07,-100.20
0.05,0.08,-100.20
0.07,0.07,-100.21
0.07,0.07,-100.21
0.06,0.06,-100.22
0.06,0.06,-100.22
0.05,0.07,-100.22
0.07,0.09,-100.23
0.04,0.10,-100.22
0.03,0.10,-100.23
0.03,0.09,-100.23
0.02,0.08,-100.23
0.02,0.07,-100.23
0.02,0.09,-100.23
0.02,0.08,-100.24
0.02,0.07,-100.24
0.02,0.08,-100.24
0.02,0.07,-100.24
0.01,0.09,-100.24
0.01,0.08,-100.25
0.01,0.07,-100.24
0.00,0.06,-100.24
0.01,0.05,-100.24
0.03,0.07,-100.24
0.03,0.09,-100.24
0.03,0.08,-100.24
0.02,0.10,-100.24
0.00,0.08,-100.24
0.00,0.08,-100.25
0.00,0.08,-100.25
-0.00,0.09,-100.25
0.02,0.10,-100.25
0.01,0.12,-100.25
0.01,0.13,-100.25
0.01,0.11,-100.25
0.01,0.12,-100.25
0.00,0.12,-100.26
0.00,0.10,-100.26
0.00,0.09,-100.25
0.00,0.10,-100.24
0.00,0.09,-100.23
0.02,0.08,-100.23
0.04,0.05,-100.22
0.04,0.04,-100.21
0.01,0.04,-100.21
0.01,0.04,-100.21
0.03,0.03,-100.21
0.03,0.03,-100.21
0.03,0.02,-100.21
0.03,0.04,-100.22
0.05,0.06,-100.21
0.06,0.03,-100.22
0.06,0.05,-100.22
0.05,0.07,-100.22
0.04,0.06,-100.22
0.04,0.08,-100.22
0.04,0.10,-100.22
0.05,0.09,-100.22
0.05,0.08,-100.22
0.04,0.10,-100.23
0.04,0.11,-100.23
0.03,0.13,-100.23
0.03,0.09,-100.23
0.02,0.08,-100.23
0.02,0.10,-100.24
0.02,0.11,-100.24
0.04,0.10,-100.24
0.06,0.09,-100.24
0.07,0.08,-100.24
0.09,0.08,-100.25
0.10,0.09,-100.25
0.07,0.11,-100.25
0.06,0.10,-100.25
0.05,0.11,-100.24
0.03,0.08,-100.24
0.04,0.08,-100.25
0.04,0.09,-100.24
0.03,0.11,-100.25
0.03,0.12,-100.24
0.03,0.13,-100.24
0.02,0.12,-100.24
0.04,0.08,-100.24
0.03,0.10,-100.24
0.03,0.09,-100.24
0.02,0.08,-100.24
0.02,0.08,-100.24
0.02,0.09,-100.25
-0.01,0.11,-100.26
-0.01,0.12,-100.26
0.02,0.12,-100.26
0.04,0.13,-100.26
0.01,0.17,-100.27
0.04,0.15,-100.26
0.03,0.12,-100.26
0.05,0.06,-100.27
0.05,0.08,-100.27
0.04,0.10,-100.27
0.04,0.09,-100.26
0.03,0.08,-100.27
0.05,0.07,-100.27
0.04,0.07,-100.29
0.02,0.06,-100.29
0.04,0.07,-100.29
0.03,0.09,-100.29
0.03,0.11,-100.30
0.05,0.09,-100.31
0.04,0.08,-100.30
0.04,0.05,-100.32
0.03,0.07,-100.32
0.03,0.04,-100.33
0.05,0.04,-100.32
0.04,0.04,-100.31
0.04,0.03,-100.31
0.03,0.02,-100.30
0.03,0.04,-100.30
0.03,0.03,-100.29
0.05,0.04,-100.29
0.05,0.01,-100.28
0.02,0.03,-100.28
0.06,-0.01,-100.24
0.03,0.03,-100.21
0.03,0.01,-100.22
0.00,0.03,-100.22
0.00,0.00,-100.22
0.00,0.00,-100.21
-0.00,0.00,-100.22
0.02,0.00,-100.22
0.02,-0.00,-100.23
0.02,0.02,-100.23
0.04,0.02,-100.23
0.04,0.02,-100.24
0.03,-0.00,-100.24
0.03,0.02,-100.24
0.05,0.04,-100.24
0.02,0.03,-100.23
0.01,0.03,-100.24
0.01,0.05,-100.23
0.01,0.05,-100.23
0.01,0.02,-100.22
0.01,0.04,-100.22
0.01,0.08,-100.22
0.01,0.10,-100.23
0.04,0.09,-100.23
0.03,0.11,-100.23
0.05,0.10,-100.23
0.04,0.08,-100.23
0.01,0.10,-100.23
0.01,0.09,-100.23
0.01,0.08,-100.23
0.01,0.10,-100.23
0.00,0.09,-100.23
0.00,0.08,-100.23
0.00,0.07,-100.23
0.00,0.07,-100.23
0.00,0.09,-100.23
-0.00,0.06,-100.23
-0.00,0.05,-100.23
-0.00,0.05,-100.23
-0.00,0.07,-100.23
-0.00,0.06,-100.23
0.02,0.07,-100.24
0.02,0.09,-100.24
0.04,0.08,-100.24
0.01,0.07,-100.24
0.01,0.04,-100.24
0.01,0.06,-100.24
-0.02,0.05,-100.24
-0.01,0.05,-100.23
-0.02,0.05,-100.23
0.00,0.04,-100.23
0.02,0.01,-100.23
0.02,0.03,-100.23
0.04,0.03,-100.23
0.04,0.05,-100.23
0.03,0.05,-100.23
0.03,0.07,-100.23
0.05,0.08,-100.23
0.04,0.07,-100.23
0.04,0.09,-100.23
0.03,0.08,-100.22
0.05,0.10,-100.23
0.07,0.09,-100.22
0.06,0.08,-100.23
0.08,0.07,-100.24
0.07,0.08,-100.24
0.06,0.11,-100.24
0.06,0.09,-100.24
0.06,0.06,-100.24
0.05,0.03,-100.24
0.04,0.00,-100.24
0.04,0.02,-100.24
0.03,0.06,-100.23
0.03,0.08,-100.22
0.04,0.03,-100.22
0.06,0.02,-100.23
0.05,0.02,-100.24
0.05,0.04,-100.24
0.06,0.04,-100.24
0.06,0.04,-100.25
0.05,0.04,-100.25
0.05,0.03,-100.25
0.02,0.06,-100.26
0.04,0.07,-100.26
0.03,0.09,-100.27
0.03,0.08,-100.27
0.03,0.10,-100.27
0.02,0.09,-100.26
0.02,0.07,-100.27
0.03,0.08,-100.27
0.03,0.10,-100.26
0.03,0.11,-100.26
0.03,0.10,-100.25
0.02,0.09,-100.25
0.02,0.08,-100.25
0.01,0.10,-100.24
0.01,0.11,-100.24
0.00,0.10,-100.24
-0.00,0.10,-100.23
0.02,0.09,-100.23
0.02,0.05,-100.23
0.01,0.05,-100.23
0.03,0.04,-100.24
0.03,0.06,-100.24
0.03,0.05,-100.24
0.03,0.05,-100.25
0.03,0.07,-100.25
0.05,0.06,-100.25
0.04,0.08,-100.25
0.06,0.07,-100.25
0.05,0.04,-100.25
0.05,0.02,-100.25
0.05,-0.01,-100.25
0.04,-0.01,-100.25
0.04,0.02,-100.24
0.03,0.04,-100.24
0.03,0.03,-100.24
0.02,0.01,-100.25
0.05,0.00,-100.25
0.04,0.01,-100.25
0.06,0.03,-100.25
0.07,0.05,-100.25
0.05,0.05,-100.26
0.07,0.04,-100.25
0.06,0.04,-100.25
0.05,0.06,-100.25
0.07,0.05,-100.25
0.06,0.07,-100.24
0.08,0.06,-100.23
0.07,0.05,-100.23
0.06,0.07,-100.22
0.08,0.11,-100.22
0.05,0.12,-100.22
0.05,0.11,-100.21
0.02,0.10,-100.21
0.02,0.09,-100.21
0.04,0.06,-100.22
0.04,0.06,-100.22
0.04,0.07,-100.21
0.01,0.07,-100.21
0.03,0.08,-100.21
0.03,0.10,-100.21
0.02,0.10,-100.21
0.02,0.12,-100.21
-0.01,0.13,-100.21
-0.00,0.09,-100.21
-0.00,0.11,-100.21
0.02,0.10,-100.21
0.02,0.09,-100.21
0.02,0.10,-100.21
0.02,0.09,-100.21
0.02,0.11,-100.21
0.02,0.12,-100.21
0.02,0.10,-100.22
0.05,0.09,-100.22
0.04,0.08,-100.22
0.06,0.07,-100.22
0.05,0.07,-100.22
0.05,0.06,-100.23
0.05,0.08,-100.23
0.04,0.07,-100.23
0.06,0.07,-100.23
0.05,0.06,-100.23
0.07,0.03,-100.23
0.09,0.02,-100.24
0.08,0.02,-100.24
0.07,0.01,-100.24
0.07,0.01,-100.23
0.06,0.03,-100.23
0.06,0.08,-100.23
0.05,0.07,-100.22
0.04,0.09,-100.23
0.04,0.08,-100.23
0.03,0.04,-100.23
0.05,0.01,-100.24
0.05,0.01,-100.25
0.03,-0.01,-100.25
0.05,-0.01,-100.25
0.04,-0.02,-100.25
0.06,-0.01,-100.25
0.06,-0.01,-100.26
0.05,-0.01,-100.26
0.07,-0.01,-100.26
0.07,-0.01,-100.26
0.08,0.01,-100.25
0.08,-0.02,-100.25
0.09,-0.01,-100.25
0.08,0.01,-100.24
0.07,0.00,-100.23
0.04,0.00,-100.23
0.04,0.00,-100.23
0.06,0.01,-100.23
0.07,0.03,-100.23
0.09,0.00,-100.23
0.11,-0.02,-100.23
0.10,0.01,-100.23
0.11,0.01,-100.23
0.10,0.01,-100.23
0.09,0.03,-100.23
0.08,0.03,-100.23
0.07,0.03,-100.22
0.06,0.03,-100.22
0.05,0.03,-100.21
0.04,0.03,-100.22
0.06,0.02,-100.21
0.06,0.02,-100.22
0.05,0.02,-100.22
0.06,0.02,-100.22
0.05,0.04,-100.22
0.07,0.06,-100.22
0.09,0.05,-100.22
0.08,0.07,-100.21
0.07,0.06,-100.21
0.08,0.06,-100.21
0.07,0.08,-100.21
0.09,0.07,-100.21
0.10,0.06,-100.21
0.08,0.09,-100.21
0.08,0.10,-100.21
0.07,0.12,-100.22
0.08,0.09,-100.22
0.09,0.08,-100.22
0.10,0.07,-100.22
0.09,0.06,-100.22
0.08,0.06,-100.22
0.09,0.05,-100.22
0.08,0.07,-100.22
0.10,0.06,-100.22
0.11,0.05,-100.22
0.10,0.07,-100.22
0.08,0.06,-100.22
0.08,0.05,-100.23
0.09,0.07,-100.23
0.08,0.06,-100.23
0.07,0.06,-100.24
0.06,0.05,-100.24
0.06,0.05,-100.24
0.05,0.07,-100.25
0.05,0.06,-100.25
0.09,0.06,-100.25
0.08,0.09,-100.25
0.05,0.11,-100.25
0.04,0.08,-100.25
0.03,0.07,-100.25
0.05,0.09,-100.25
0.05,0.08,-100.26
0.07,0.09,-100.26
0.06,0.11,-100.26
0.06,0.10,-100.27
0.05,0.10,-100.27
0.07,0.11,-100.27
0.08,0.12,-100.27
0.10,0.13,-100.27
0.09,0.12,-100.27
0.07,0.11,-100.27
0.06,0.10,-100.28
0.08,0.09,-100.28
0.07,0.10,-100.27
0.04,0.09,-100.27
0.03,0.08,-100.27
0.03,0.09,-100.27
0.04,0.08,-100.27
0.04,0.07,-100.27
0.03,0.07,-100.26
0.03,0.06,-100.26
0.02,0.02,-100.27
-0.00,0.02,-100.27
0.02,0.02,-100.28
0.04,0.02,-100.27
0.03,0.04,-100.28
0.03,0.02,-100.28
0.05,0.01,-100.29
0.04,0.01,-100.29
0.03,0.04,-100.30
0.03,0.06,-100.30
0.02,0.05,-100.30
0.02,0.05,-100.30
0.02,0.07,-100.30
0.04,0.06,-100.30
0.04,0.08,-100.30
0.03,0.10,-100.30
0.05,0.08,-100.29
0.05,0.06,-100.29
0.07,0.05,-100.29
0.08,0.05,-100.29
0.07,0.07,-100.28
0.06,0.06,-100.28
0.05,0.08,-100.28
0.05,0.07,-100.28
0.07,0.07,-100.28
0.06,0.06,-100.28
0.06,0.06,-100.28
0.05,0.05,-100.28
0.06,0.07,-100.27
0.06,0.06,-100.27
0.07,0.06,-100.27
0.07,0.05,-100.27
0.06,0.02,-100.26
0.07,0.04,-100.26
0.07,0.04,-100.26
0.08,0.01,-100.26
0.07,0.01,-100.25
0.06,0.01,-100.25
0.06,0.03,-100.25
0.07,0.03,-100.24
0.06,0.03,-100.24
0.06,0.03,-100.23
0.05,0.05,-100.23
0.04,0.05,-100.23
0.04,0.04,-100.23
0.06,0.04,-100.24
0.05,0.04,-100.24
0.04,0.03,-100.25
0.02,0.03,-100.25
0.04,0.03,-100.26
0.06,0.05,-100.26
0.05,0.05,-100.26
0.04,0.05,-100.25
0.04,0.04,-100.25
0.03,0.04,-100.24
0.03,0.03,-100.24
0.03,0.02,-100.24
0.04,0.07,-100.24
0.06,0.09,-100.24
0.05,0.10,-100.24
0.04,0.10,-100.24
0.04,0.06,-100.24
0.03,0.10,-100.24
0.02,0.09,-100.24
0.02,0.10,-100.24
0.01,0.05,-100.24
-0.02,0.04,-100.24
-0.04,0.05,-100.25
-0.04,0.04,-100.24
-0.01,0.06,-100.24
-0.01,0.06,-100.24
-0.01,0.03,-100.24
-0.01,0.02,-100.24
0.01,0.04,-100.24
0.00,0.04,-100.24
-0.00,0.06,-100.24
-0.00,0.08,-100.24
-0.01,0.07,-100.25
-0.01,0.06,-100.25
-0.01,0.05,-100.25
-0.01,0.02,-100.25
-0.01,0.02,-100.25
0.01,0.02,-100.26
0.01,0.02,-100.26
0.04,0.04,-100.26
0.04,0.06,-100.26
0.03,0.08,-100.26
0.02,0.07,-100.26
0.02,0.06,-100.26
0.02,0.07,-100.26
0.01,0.07,-100.26
0.01,0.06,-100.27
0.03,0.05,-100.27
0.04,0.05,-100.27
0.04,0.04,-100.28
0.06,0.06,-100.28
0.05,0.08,-100.28
0.07,0.10,-100.28
0.04,0.06,-100.28
0.03,0.05,-100.28
0.03,0.04,-100.28
0.02,0.04,-100.28
0.04,0.04,-100.27
0.04,0.06,-100.27
0.01,0.08,-100.27
0.00,0.05,-100.26
0.00,0.07,-100.26
-0.00,0.06,-100.27
0.00,0.08,-100.27
0.00,0.09,-100.26
0.02,0.06,-100.26
0.02,0.05,-100.26
0.01,0.04,-100.25
0.01,0.06,-100.24
0.00,0.07,-100.24
0.03,0.09,-100.24
0.02,0.06,-100.24
0.02,0.03,-100.25
0.02,0.05,-100.26
0.01,0.04,-100.26
0.01,0.02,-100.26
0.03,0.02,-100.27
0.05,0.02,-100.27
0.05,0.04,-100.26
0.04,0.04,-100.26
0.04,0.04,-100.25
0.01,0.04,-100.25
-0.02,0.05,-100.25
-0.02,0.06,-100.24
-0.02,0.08,-100.24
0.00,0.05,-100.23
0.02,0.04,-100.22
0.02,0.04,-100.22
0.02,0.02,-100.22
0.04,0.01,-100.22
0.06,-0.01,-100.23
0.05,-0.03,-100.23
0.04,-0.03,-100.24
0.03,0.02,-100.24
0.05,0.02,-100.25
0.04,0.01,-100.24
0.06,0.01,-100.24
0.03,0.01,-100.25
0.05,0.01,-100.25
0.06,0.03,-100.25
0.05,0.05,-100.24
0.05,0.03,-100.25
0.06,0.02,-100.25
0.06,0.02,-100.25
0.05,0.02,-100.25
0.04,0.02,-100.24
0.03,0.01,-100.24
0.05,0.01,-100.24
0.07,0.02,-100.24
0.09,0.01,-100.24
0.10,0.01,-100.24
0.07,0.03,-100.24
0.03,0.05,-100.24
0.05,0.07,-100.24
0.07,0.09,-100.25
0.06,0.08,-100.25
0.06,0.07,-100.25
0.05,0.07,-100.25
0.04,0.06,-100.26
0.03,0.08,-100.25
0.03,0.09,-100.26
0.02,0.08,-100.25
0.02,0.07,-100.25
0.04,0.07,-100.24
0.03,0.04,-100.24
0.03,0.01,-100.25
0.03,0.01,-100.25
0.05,0.01,-100.25
0.04,0.01,-100.26
0.03,0.01,-100.26
0.06,-0.01,-100.26
0.05,-0.04,-100.27
0.05,-0.03,-100.27
0.04,-0.03,-100.27
0.05,-0.02,-100.28
0.05,-0.02,-100.27
0.04,-0.02,-100.27
0.03,-0.02,-100.27
0.03,0.01,-100.26
0.02,0.01,-100.26
0.02,0.04,-100.26
0.04,0.03,-100.26
0.04,0.05,-100.25
0.03,0.05,-100.25
0.05,0.05,-100.25
0.04,0.02,-100.25
0.04,0.04,-100.25
0.03,0.04,-100.25
0.03,0.06,-100.25
0.02,0.05,-100.25
0.02,0.05,-100.25
0.02,0.07,-100.25
0.02,0.08,-100.25
0.01,0.08,-100.25
0.01,0.07,-100.25
0.00,0.06,-100.25
-0.00,0.08,-100.25
-0.00,0.07,-100.25
-0.03,0.09,-100.25
-0.03,0.08,-100.25
-0.00,0.09,-100.25
-0.00,0.08,-100.26
0.02,0.07,-100.25
-0.01,0.06,-100.25
0.01,0.06,-100.25
0.01,0.05,-100.25
0.02,0.05,-100.25
0.02,0.05,-100.25
0.02,0.04,-100.25
0.01,0.02,-100.26
0.01,0.01,-100.26
0.01,0.04,-100.26
0.01,0.04,-100.26
0.01,0.01,-100.26
0.00,0.03,-100.25
0.02,0.05,-100.25
0.05,0.04,-100.25
0.04,0.04,-100.24
0.04,0.04,-100.24
0.03,0.03,-100.24
0.05,0.05,-100.24
0.05,0.04,-100.23
0.04,0.04,-100.23
0.06,0.04,-100.23
0.05,0.04,-100.22
0.04,0.04,-100.23
0.06,0.03,-100.25
0.05,0.06,-100.25
0.04,0.03,-100.25
0.01,0.03,-100.26
0.04,0.03,-100.27
0.06,0.03,-100.27
0.05,0.03,-100.27
0.05,0.05,-100.27
0.04,0.05,-100.27
0.06,0.06,-100.26
0.05,0.06,-100.27
0.07,0.05,-100.27
0.06,0.07,-100.28
0.05,0.09,-100.28
0.02,0.11,-100.28
0.05,0.10,-100.28
0.06,0.06,-100.29
0.05,0.05,-100.29
0.05,0.07,-100.29
0.04,0.07,-100.29
0.03,0.06,-100.29
0.03,0.06,-100.29
0.03,0.08,-100.29
0.02,0.09,-100.29
0.04,0.08,-100.30
0.03,0.07,-100.30
0.03,0.07,-100.30
0.03,0.06,-100.31
0.02,0.08,-100.31
0.02,0.07,-100.31
0.02,0.06,-100.31
0.03,0.06,-100.31
0.03,0.05,-100.32
0.02,0.05,-100.32
0.02,0.04,-100.32
0.02,0.04,-100.33
0.02,0.06,-100.33
0.01,0.05,-100.33
0.01,0.05,-100.33
0.01,0.07,-100.33
0.00,0.06,-100.33
0.00,0.06,-100.34
-0.00,0.06,-100.34
0.00,0.05,-100.34
-0.00,0.04,-100.34
0.00,0.04,-100.34
0.02,0.04,-100.34
0.02,0.04,-100.34
0.01,0.06,-100.34
0.01,0.05,-100.34
0.01,0.07,-100.34
0.03,0.07,-100.33
0.02,0.06,-100.33
0.05,0.06,-100.33
0.04,0.08,-100.33
0.04,0.09,-100.32
0.03,0.08,-100.32
0.05,0.08,-100.32
0.04