-0.00,-0.01,-0.00
-0.06,0.09,-0.01
-0.10,0.21,-0.02
-0.12,0.24,-0.03
-0.14,0.22,-0.05
-0.17,0.23,-0.05
-0.19,0.25,1.28
-0.20,0.26,2.61
-0.19,0.28,3.95
-0.18,0.30,5.30
-0.22,0.30,6.65
-0.22,0.30,8.01
-0.23,0.32,9.37
-0.24,0.35,10.74
-0.24,0.36,12.12
-0.27,0.37,13.49
-0.30,0.35,14.85
-0.30,0.37,16.22
-0.33,0.41,17.66
-0.34,0.43,19.03
-0.31,0.43,20.41
-0.31,0.38,21.78
-0.30,0.35,23.16
-0.35,0.37,24.52
-0.36,0.39,25.88
-0.33,0.34,27.23
-0.32,0.34,28.59
-0.31,0.37,29.93
-0.34,0.39,31.26
-0.36,0.38,32.58
-0.35,0.34,33.89
-0.34,0.35,35.20
-0.34,0.33,36.51
-0.33,0.36,37.80
-0.32,0.35,39.07
-0.32,0.36,40.33
-0.32,0.36,41.59
-0.31,0.36,42.83
-0.33,0.41,44.05
-0.36,0.47,45.25
-0.36,0.47,46.44
-0.35,0.46,47.62
-0.35,0.43,48.79
-0.35,0.42,49.96
-0.37,0.46,51.09
-0.38,0.47,52.21
-0.35,0.43,53.33
-0.37,0.43,54.42
-0.39,0.48,55.50
-0.37,0.48,56.56
-0.34,0.51,57.59
-0.34,0.53,58.63
-0.31,0.50,59.64
-0.33,0.47,60.64
-0.30,0.49,61.62
-0.29,0.49,62.58
-0.25,0.51,63.54
-0.27,0.49,64.47
-0.32,0.54,65.38
-0.35,0.56,66.27
-0.33,0.53,67.15
-0.33,0.52,68.02
-0.32,0.51,68.87
-0.32,0.51,69.70
-0.31,0.48,70.53
-0.31,0.44,71.34
-0.31,0.46,72.14
-0.31,0.49,72.91
-0.28,0.49,73.67
-0.29,0.48,74.40
-0.32,0.47,75.13
-0.35,0.47,75.83
-0.35,0.43,76.53
-0.32,0.41,77.22
-0.27,0.38,77.89
-0.24,0.41,78.54
-0.24,0.38,79.18
-0.28,0.37,79.80
-0.28,0.41,80.40
-0.28,0.43,80.99
-0.26,0.43,81.57
-0.26,0.49,82.13
-0.27,0.52,82.69
-0.28,0.52,83.24
-0.28,0.50,83.78
-0.25,0.49,84.30
-0.26,0.53,84.81
-0.24,0.53,85.31
-0.25,0.52,85.81
-0.28,0.51,86.29
-0.29,0.50,86.76
-0.27,0.52,87.21
-0.25,0.56,87.65
-0.23,0.59,88.08
-0.26,0.58,88.49
-0.26,0.54,88.92
-0.26,0.53,89.33
-0.26,0.55,89.73
-0.28,0.57,90.12
-0.30,0.53,90.50
-0.30,0.51,90.88
-0.30,0.48,91.24
-0.29,0.48,91.60
-0.29,0.51,91.93
-0.27,0.51,92.27
-0.27,0.48,92.60
-0.30,0.45,92.93
-0.32,0.48,93.23
-0.32,0.46,93.54
-0.32,0.44,93.85
-0.32,0.44,94.15
-0.31,0.47,94.44
-0.31,0.47,94.72
-0.30,0.44,95.00
-0.30,0.41,95.26
-0.32,0.41,95.52
-0.34,0.42,95.77
-0.34,0.40,96.01
-0.30,0.35,96.26
-0.30,0.37,96.50
-0.30,0.39,96.73
-0.30,0.37,96.95
-0.29,0.36,97.16
-0.31,0.39,97.37
-0.34,0.44,97.55
-0.30,0.39,97.75
-0.27,0.37,97.96
-0.29,0.38,98.15
-0.32,0.46,98.35
-0.33,0.44,98.54
-0.32,0.42,98.73
-0.32,0.45,98.91
-0.33,0.48,99.08
-0.33,0.51,99.24
-0.31,0.50,99.41
-0.28,0.48,99.57
-0.28,0.48,99.73
-0.27,0.49,99.87
-0.25,0.49,100.03
-0.22,0.48,100.19
-0.22,0.47,100.36
-0.26,0.45,100.51
-0.24,0.48,100.64
-0.27,0.49,100.77
-0.28,0.48,100.91
-0.31,0.45,101.04
-0.31,0.44,101.18
-0.28,0.40,101.32
-0.29,0.37,101.45
-0.29,0.40,101.57
-0.29,0.43,101.69
-0.32,0.45,101.80
-0.32,0.46,101.92
-0.32,0.44,102.03
-0.29,0.44,102.13
-0.29,0.41,102.22
-0.29,0.42,102.32
-0.26,0.40,102.43
-0.27,0.38,102.53
-0.27,0.37,102.62
-0.27,0.42,102.71
-0.27,0.44,102.80
-0.30,0.45,102.89
-0.31,0.49,102.98
-0.31,0.51,103.06
-0.31,0.54,103.13
-0.33,0.57,103.21
-0.36,0.58,103.29
-0.35,0.54,103.37
-0.34,0.52,103.46
-0.36,0.56,103.54
-0.38,0.60,103.61
-0.36,0.63,103.68
-0.36,0.67,103.75
-0.38,0.65,103.81
-0.39,0.63,103.87
-0.36,0.61,103.94
-0.35,0.60,104.00
-0.34,0.57,104.05
-0.33,0.58,104.11
-0.34,0.62,104.18
-0.33,0.63,104.25
-0.32,0.61,104.32
-0.33,0.53,104.39
-0.41,0.51,104.45
-0.47,0.54,104.51
-0.49,0.51,104.58
-0.51,0.31,104.72
-0.41,0.50,104.81
-0.34,0.51,104.89
-0.37,0.41,105.00
-0.46,0.23,105.09
-0.68,0.17,105.19
-0.50,0.10,105.28
-0.45,0.18,105.36
-0.40,0.14,105.42
-0.41,-0.02,105.54
-0.52,0.14,105.66
-0.49,0.02,105.77
-0.33,0.04,105.89
-0.35,-0.06,106.00
-0.29,0.29,106.11
-0.14,0.47,106.17
-0.06,0.69,106.21
-0.07,0.85,106.33
-0.08,1.09,106.46
-0.13,1.42,106.57
-0.14,1.62,106.67
-0.10,1.84,106.75
-0.03,2.06,106.81
0.02,2.31,106.94
0.06,2.44,107.05
0.12,2.62,107.15
0.14,2.87,107.27
0.11,3.19,107.37
0.08,3.31,107.45
0.17,3.40,107.61
0.26,3.36,107.74
0.19,2.99,107.86
0.18,3.01,108.00
0.20,3.28,108.14
0.17,3.38,108.27
0.15,3.21,108.36
0.13,2.96,108.44
0.12,2.79,108.53
0.14,2.70,108.62
0.18,2.64,108.71
0.14,2.57,108.81
0.09,2.87,108.74
0.04,2.88,108.66
-0.01,2.79,108.59
0.06,2.74,108.53
0.10,2.58,108.49
0.14,2.37,108.44
0.08,1.98,108.23
0.00,1.92,108.05
-0.03,1.84,107.86
-0.08,1.73,107.70
-0.01,1.35,107.55
0.03,0.82,107.44
-0.04,0.42,107.29
-0.11,0.33,107.14
-0.16,-0.20,106.98
-0.23,-0.92,106.88
-0.31,-1.73,106.83
-0.41,-2.50,106.79
-0.47,-3.33,106.51
-0.49,-3.67,106.18
-0.60,-3.68,105.80
-0.65,-3.72,105.42
-0.70,-3.92,105.07
-0.75,-4.16,104.72
-0.73,-4.18,104.28
-0.78,-4.24,103.85
-0.80,-4.28,103.44
-0.87,-4.48,103.05
-0.93,-4.76,102.71
-0.97,-5.05,102.40
-0.98,-5.32,102.04
-1.02,-5.72,101.70
-1.04,-6.37,101.43
-1.11,-6.56,101.22
-1.19,-6.81,101.00
-1.20,-6.94,100.74
-1.26,-6.88,100.40
-1.30,-6.91,100.10
-1.37,-6.98,99.81
-1.43,-6.76,99.50
-1.47,-6.46,99.10
-1.48,-6.17,98.69
-1.41,-5.73,98.43
-1.37,-5.69,98.18
-1.35,-5.38,97.93
-1.36,-5.01,97.68
-1.35,-4.76,97.45
-1.30,-4.58,97.20
-1.27,-4.30,97.13
-1.25,-4.10,97.05
-1.25,-3.91,96.97
-1.28,-3.69,96.89
-1.30,-3.60,96.83
-1.22,-3.68,96.80
-1.26,-3.39,96.83
-1.21,-3.44,96.86
-1.28,-3.27,96.87
-1.32,-3.20,96.92
-1.30,-3.03,96.97
-1.24,-3.06,97.05
-1.31,-3.02,97.13
-1.31,-2.81,97.19
-1.22,-2.51,97.22
-1.16,-2.39,97.28
-1.21,-2.29,97.35
-1.16,-2.01,97.40
-1.14,-1.98,97.57
-1.18,-1.77,97.71
-1.12,-1.56,97.83
-1.10,-1.45,97.95
-1.13,-1.30,98.08
-1.05,-1.15,98.19
-1.03,-0.99,98.41
-1.01,-1.04,98.67
-1.05,-0.92,98.89
-1.08,-0.86,99.10
-1.05,-0.57,99.29
-1.03,-0.61,99.46
-0.95,-0.39,99.72
-0.87,-0.24,99.95
-0.85,-0.20,100.22
-0.82,-0.10,100.46
-0.74,0.13,100.70
-0.73,0.31,100.90
-0.72,0.56,101.14
-0.66,0.78,101.36
-0.61,1.04,101.58
-0.58,1.15,101.80
-0.54,1.23,102.03
-0.46,1.37,102.27
-0.44,1.52,102.58
-0.40,1.90,102.87
-0.31,2.15,103.15
-0.28,2.36,103.43
-0.21,2.56,103.70
-0.14,2.79,103.94
-0.10,3.02,104.27
-0.05,3.23,104.59
-0.02,3.34,104.93
-0.01,3.40,105.26
0.01,3.51,105.57
0.00,3.63,105.85
-0.00,3.82,106.17
0.05,3.97,106.49
0.04,4.00,106.81
0.03,4.07,107.11
-0.01,4.22,107.40
-0.03,4.36,107.68
0.01,4.45,107.99
0.01,4.55,108.29
0.03,4.59,108.60
0.05,4.58,108.89
0.16,4.60,109.19
0.26,4.60,109.46
0.32,4.70,109.72
0.32,4.63,109.98
0.32,4.70,110.25
0.32,4.51,110.50
0.33,4.41,110.75
0.27,4.41,110.97
0.24,4.57,111.15
0.17,4.77,111.32
0.11,4.93,111.48
0.05,4.81,111.64
0.06,4.70,111.81
0.04,4.60,111.96
0.08,4.44,112.07
0.17,4.38,112.15
0.22,4.41,112.27
0.21,4.33,112.38
0.14,4.25,112.48
0.13,4.31,112.58
0.13,4.67,112.65
0.10,4.75,112.74
0.19,4.59,112.81
0.23,4.43,112.88
0.22,4.23,112.96
0.15,4.07,113.03
0.16,4.02,113.05
0.14,3.95,113.08
0.13,4.05,113.04
0.12,4.15,112.93
0.10,4.15,112.83
0.11,3.67,112.79
0.09,3.27,112.55
0.11,3.12,112.29
0.10,2.96,112.07
0.13,2.92,111.81
0.03,3.05,111.58
0.11,2.95,111.39
0.07,2.60,110.91
0.14,2.51,110.46
0.19,2.24,110.00
0.23,2.15,109.52
0.08,1.79,108.98
-0.14,1.54,108.49
-0.12,0.81,107.92
-0.05,0.30,107.42
-0.13,-0.40,106.94
-0.20,-1.12,106.46
-0.30,-1.61,106.02
-0.42,-2.39,105.62
-0.65,-3.32,104.88
-0.88,-4.33,104.23
-1.02,-5.25,103.60
-1.13,-6.14,103.02
-1.35,-7.10,102.55
-1.57,-8.02,102.12
-1.81,-8.93,101.46
-2.04,-10.08,100.87
-2.27,-11.42,100.40
-2.54,-12.97,100.14
-2.93,-14.47,100.00
-3.30,-15.35,99.78
-3.74,-15.80,99.44
-4.09,-16.06,99.06
-4.13,-16.28,98.60
-4.21,-16.22,98.18
-4.27,-16.52,97.69
-4.35,-16.14,97.12
-4.48,-15.34,96.53
-4.52,-14.99,95.88
-4.50,-14.45,95.24
-4.54,-13.84,94.55
-4.46,-13.31,93.91
-4.50,-12.77,93.32
-4.61,-12.35,93.00
-4.55,-11.60,92.67
-4.40,-10.77,92.38
-4.32,-10.09,92.14
-4.24,-9.27,91.87
-4.22,-8.64,91.56
-4.09,-8.12,91.50
-4.03,-7.55,91.48
-3.93,-7.34,91.49
-3.99,-6.88,91.50
-3.90,-6.36,91.48
-3.75,-5.99,91.47
-3.61,-5.60,91.67
-3.47,-5.19,91.86
-3.30,-4.54,91.97
-3.15,-3.99,92.10
-2.92,-3.75,92.25
-2.81,-3.14,92.39
-2.67,-2.94,92.67
-2.55,-2.60,92.89
-2.32,-2.22,93.06
-2.17,-1.87,93.23
-1.89,-1.44,93.40
-1.69,-1.15,93.58
-1.56,-0.85,94.01
-1.52,-0.11,94.33
-1.24,0.24,94.68
-0.98,0.55,95.04
-0.59,0.70,95.32
-0.29,0.78,95.52
-0.15,0.99,95.85
0.23,1.13,96.26
0.41,1.34,96.66
0.57,1.62,97.02
0.75,1.82,97.39
1.19,1.78,97.82
1.46,1.57,98.38
1.72,1.48,98.87
1.96,1.57,99.33
2.15,1.62,99.78
2.43,1.55,100.24
2.71,1.49,100.68
2.95,1.55,101.14
3.23,1.61,101.59
3.54,1.64,102.01
3.77,1.65,102.42
3.89,1.70,102.81
4.10,1.76,103.19
4.38,1.73,103.64
4.64,1.74,104.05
4.89,1.80,104.43
5.19,1.91,104.76
5.53,1.99,105.04
5.86,2.13,105.33
6.16,2.36,105.67
6.35,2.51,105.98
6.49,2.46,106.28
6.51,2.45,106.57
6.44,2.45,106.89
6.31,2.54,107.17
6.34,2.69,107.33
6.39,2.61,107.52
6.34,2.42,107.69
6.24,2.07,107.90
6.21,1.89,108.10
6.06,1.78,108.29
5.92,1.83,108.41
5.64,1.72,108.59
5.39,1.53,108.81
5.10,1.41,109.02
4.89,1.46,109.22
4.61,1.43,109.42
4.27,1.22,109.46
3.99,0.76,109.55
3.69,0.36,109.70
3.46,0.13,109.83
3.17,0.09,109.91
2.88,0.22,109.93
2.68,0.37,109.84
2.47,0.36,109.77
2.34,0.25,109.73
2.16,0.16,109.72
2.08,0.02,109.64
2.07,-0.02,109.49
2.03,-0.12,109.35
1.84,-0.16,109.31
1.51,-0.30,109.25
1.07,-0.31,109.16
0.78,-0.17,109.06
0.70,-0.18,108.97
0.47,-0.36,108.90
0.10,-0.40,108.83
-0.14,-0.51,108.75
-0.29,-0.33,108.62
-0.44,-0.14,108.49
-0.61,0.04,108.33
-0.75,0.10,108.23
-0.82,-0.03,108.18
-0.78,-0.11,108.13
-0.87,-0.18,108.04
-1.14,-0.01,107.95
-1.37,0.24,107.84
-1.62,0.39,107.74
-1.90,0.37,107.64
-1.92,0.15,107.56
-1.96,0.05,107.49
-2.10,0.03,107.42
-2.26,0.15,107.33
-2.45,0.37,107.24
-2.67,0.51,107.12
-2.77,0.57,107.04
-2.88,0.51,107.00
-2.93,0.42,106.84
-2.91,0.58,106.65
-3.07,0.64,106.47
-3.08,0.38,106.39
-3.00,0.25,106.27
-3.12,0.31,106.20
-3.25,0.37,106.15
-3.37,0.44,106.13
-3.46,0.44,106.15
-3.53,0.46,106.15
-3.77,0.57,106.11
-4.01,0.69,106.05
-4.23,0.75,106.02
-4.38,0.73,106.00
-4.53,0.67,105.97
-4.73,0.71,105.92
-4.88,0.77,105.87
-5.02,0.81,105.83
-5.16,0.86,105.79
-5.28,0.81,105.78
-5.42,0.73,105.83
-5.52,0.70,105.88
-5.60,0.77,105.93
-5.71,0.83,105.97
-5.83,0.86,105.99
-5.91,0.86,106.01
-5.93,0.88,106.03
-5.87,1.00,105.99
-5.83,1.10,105.93
-5.85,1.26,105.84
-5.87,1.43,105.75
-5.80,1.47,105.68
-5.64,1.43,105.70
-5.53,1.37,105.73
-5.54,1.38,105.71
-5.57,1.41,105.70
-5.56,1.56,105.68
-5.46,1.69,105.70
-5.38,1.51,105.75
-5.40,1.48,105.79
-5.42,1.50,105.80
-5.37,1.52,105.81
-5.29,1.54,105.83
-5.22,1.46,105.85
-5.15,1.37,105.89
-5.12,1.39,105.95
-5.09,1.43,105.97
-5.03,1.46,105.99
-4.97,1.48,106.00
-4.85,1.53,106.01
-4.73,1.59,106.02
-4.66,1.54,106.03
-4.61,1.48,106.05
-4.58,1.46,106.07
-4.49,1.48,106.07
-4.41,1.42,106.09
-4.36,1.42,106.12
-4.32,1.40,106.12
-4.28,1.39,106.12
-4.29,1.43,106.13
-4.23,1.39,106.15
-4.27,1.37,106.17
-4.18,1.33,106.18
-4.17,1.31,106.23
-4.18,1.56,106.29
-4.13,1.39,106.33
-4.09,1.36,106.36
-4.07,1.34,106.39
-3.99,1.30,106.45
-3.89,1.27,106.48
-3.74,1.31,106.50
-3.68,1.25,106.54
-3.69,1.25,106.57
-3.71,1.25,106.65
-3.75,1.07,106.69
-3.71,1.12,106.71
-3.69,1.13,106.73
-3.65,1.16,106.75
-3.63,1.17,106.78
-3.57,1.23,106.79
-3.50,1.18,106.80
-3.40,1.17,106.83
-3.34,1.14,106.86
-3.36,1.20,106.90
-3.63,1.32,107.01
-3.50,1.24,107.05
-3.38,1.14,107.12
-3.36,1.26,107.16
-3.26,1.20,107.21
-3.17,1.17,107.25
-3.06,1.19,107.28
-2.98,1.12,107.31
-2.89,1.13,107.35
-2.83,1.15,107.42
-2.80,1.16,107.52
-2.57,1.08,107.59
-2.50,1.08,107.64
-2.42,1.15,107.69
-2.43,1.20,107.74
-2.39,1.17,107.81
-2.27,1.22,107.85
-2.25,1.31,107.92
-2.14,1.23,107.97
-2.07,1.24,108.01
-1.92,1.26,108.06
-1.84,1.46,108.10
-1.62,1.42,108.12
-1.55,1.42,108.13
-1.43,1.46,108.14
-1.39,1.50,108.16
-1.33,1.50,108.22
-1.26,1.43,108.27
-1.20,1.46,108.33
-1.14,1.51,108.38
-1.10,1.53,108.43
-1.05,1.53,108.48
-0.97,1.39,108.53
-0.90,1.40,108.60
-0.87,1.44,108.66
-0.86,1.48,108.70
-0.83,1.47,108.73
-0.79,1.60,108.77
-0.76,1.65,108.83
-0.64,1.51,108.87
-0.72,1.72,108.95
-0.67,1.75,108.99
-0.65,1.88,108.99
-0.58,1.90,109.00
-0.46,1.84,109.05
-0.38,1.73,109.09
-0.37,1.71,109.13
-0.38,1.70,109.17
-0.42,1.78,109.14
-0.55,1.97,109.07
-0.52,1.94,109.03
-0.41,1.77,109.06
-0.38,1.69,109.08
-0.39,1.71,109.08
-0.32,1.58,109.01
-0.32,1.52,109.01
-0.30,1.43,108.95
-0.23,1.33,108.91
-0.13,1.37,108.92
-0.10,1.33,108.97
-0.02,1.32,109.01
0.08,1.34,109.03
0.13,1.26,109.09
0.10,1.29,109.16
0.12,1.24,109.24
0.12,1.32,109.26
0.17,1.45,109.27
0.25,1.48,109.28
0.34,1.29,109.34
0.50,1.05,109.41
0.60,0.93,109.47
0.69,0.96,109.50
0.75,0.95,109.54
0.76,0.91,109.61
0.83,0.76,109.63
0.91,0.74,109.64
0.96,0.69,109.66
1.01,0.70,109.66
1.08,0.69,109.68
1.12,0.74,109.67
1.18,0.73,109.65
1.20,0.70,109.65
1.25,0.70,109.66
1.33,0.69,109.66
1.39,0.67,109.66
1.39,0.66,109.69
1.44,0.66,109.71
1.48,0.65,109.72
1.56,0.65,109.73
1.63,0.63,109.75
1.71,0.63,109.76
1.80,0.65,109.76
1.89,0.67,109.77
2.00,0.65,109.77
2.12,0.61,109.79
2.23,0.60,109.81
2.22,0.65,109.82
2.29,0.63,109.83
2.39,0.63,109.83
2.42,0.64,109.80
2.43,0.67,109.78
2.42,0.63,109.78
2.42,0.64,109.77
2.38,0.63,109.77
2.35,0.61,109.78
2.28,0.67,109.77
2.18,0.66,109.74
2.08,0.62,109.71
1.99,0.61,109.70
1.96,0.54,109.70
1.89,0.53,109.65
1.78,0.52,109.60
1.64,0.53,109.57
1.59,0.46,109.54
1.56,0.43,109.50
1.51,0.37,109.44
1.50,0.34,109.36
1.50,0.34,109.29
1.39,0.33,109.22
1.32,0.35,109.16
1.24,0.27,109.12
1.19,0.11,109.11
1.13,0.03,109.06
1.02,0.06,108.99
0.87,0.08,108.92
0.81,0.00,108.86
0.77,-0.12,108.82
0.71,-0.21,108.76
0.66,-0.17,108.65
0.59,-0.11,108.53
0.60,-0.09,108.42
0.48,-0.07,108.30
0.46,-0.06,108.18
0.37,-0.09,108.06
0.34,-0.09,107.94
0.32,-0.13,107.83
0.31,-0.10,107.72
0.21,-0.15,107.62
0.13,-0.24,107.53
0.10,-0.35,107.45
0.02,-0.39,107.36
-0.04,-0.36,107.23
-0.09,-0.38,107.11
-0.09,-0.43,107.02
-0.12,-0.47,106.96
-0.21,-0.58,106.90
-0.21,-0.64,106.78
-0.23,-0.77,106.68
-0.22,-0.91,106.58
-0.27,-0.98,106.48
-0.37,-1.00,106.36
-0.45,-1.03,106.24
-0.46,-1.09,106.10
-0.44,-1.18,106.00
-0.47,-1.16,105.90
-0.50,-1.14,105.82
-0.54,-1.15,105.71
-0.54,-1.18,105.59
-0.56,-1.23,105.50
-0.57,-1.25,105.44
-0.61,-1.28,105.37
-0.61,-1.25,105.28
-0.61,-1.21,105.18
-0.59,-1.18,105.08
-0.56,-1.23,105.00
-0.56,-1.28,104.92
-0.56,-1.34,104.85
-0.59,-1.35,104.79
-0.64,-1.32,104.72
-0.66,-1.31,104.65
-0.65,-1.30,104.56
-0.61,-1.35,104.50
-0.61,-1.38,104.46
-0.61,-1.39,104.40
-0.60,-1.31,104.32
-0.59,-1.27,104.25
-0.58,-1.23,104.20
-0.57,-1.34,104.18
-0.47,-1.46,104.17
-0.46,-1.49,104.15
-0.54,-1.21,104.14
-0.54,-1.33,104.12
-0.53,-1.24,104.10
-0.54,-1.09,104.07
-0.54,-0.98,104.03
-0.56,-0.96,104.02
-0.55,-0.92,103.99
-0.54,-0.87,103.97
-0.51,-0.88,103.95
-0.49,-0.85,103.95
-0.49,-0.84,103.95
-0.51,-0.78,103.93
-0.50,-0.69,103.91
-0.53,-0.65,103.88
-0.57,-0.60,103.88
-0.54,-0.59,103.87
-0.53,-0.63,103.87
-0.52,-0.63,103.87
-0.55,-0.61,103.86
-0.60,-0.60,103.86
-0.60,-0.58,103.87
-0.57,-0.59,103.88
-0.61,-0.60,103.90
-0.65,-0.78,103.94
-0.72,-0.71,103.97
-0.71,-0.63,104.00
-0.70,-0.83,104.02
-0.73,-1.12,104.12
-0.71,-0.83,104.21
-0.75,-0.67,104.29
-0.76,-0.86,104.32
-0.77,-0.75,104.28
-0.92,-0.04,104.21
-1.07,0.45,104.01
-1.20,0.67,103.78
-1.32,0.73,103.45
-1.34,0.63,103.18
-1.47,0.67,102.92
-1.83,1.14,102.66
-2.18,1.40,102.25
-2.19,1.49,101.91
-1.86,1.06,101.53
-1.78,0.70,101.31
-1.41,0.60,101.10
-1.27,0.97,100.93
-1.21,1.40,100.76
-1.15,1.48,100.71
-1.27,1.05,100.69
-1.51,0.99,100.64
-1.56,0.58,100.72
-1.43,0.28,100.72
-1.12,0.43,100.61
-1.06,0.36,100.48
-1.22,-0.00,100.37
-0.75,-0.25,100.27
0.02,-0.38,100.12
0.35,-0.53,99.90
0.33,-0.76,99.79
0.46,-0.63,99.66
1.22,-1.44,99.56
2.54,-2.45,99.36
3.26,-2.74,99.13
4.02,-3.11,98.33
3.64,-3.24,97.72
3.53,-3.76,96.80
2.03,-4.41,95.84
-0.28,-4.69,95.24
-2.06,-4.49,94.09
-0.81,-4.74,93.58
-0.71,-4.66,93.28
-0.71,-4.60,93.07
-1.73,-4.70,93.07
-2.49,-4.71,92.74
-2.07,-4.97,92.41
-1.58,-4.80,92.29
-1.04,-4.49,92.19
-0.87,-4.36,92.14
-0.89,-4.19,92.16
-0.86,-4.35,92.13
-0.75,-4.14,92.15
-0.98,-3.90,92.32
-1.49,-3.73,92.47
-2.31,-3.52,92.62
-3.30,-3.35,92.73
-4.58,-3.44,92.65
-5.81,-3.59,92.55
-6.96,-3.56,92.54
-8.05,-3.66,92.65
-9.10,-3.64,92.69
-10.61,-3.93,92.63
-11.95,-4.18,92.56
-13.30,-4.43,92.13
-14.63,-4.96,91.93
-15.85,-5.46,91.75
-17.14,-6.17,91.82
-18.16,-6.19,91.74
-19.48,-6.20,91.65
-20.52,-6.56,91.21
-21.69,-6.61,90.99
-23.28,-6.65,90.96
-25.43,-6.48,91.16
-26.52,-6.41,91.11
-27.67,-6.09,91.10
-28.52,-5.91,90.76
-29.14,-5.35,89.70
-29.87,-4.65,89.06
-30.76,-3.65,88.62
-32.08,-2.64,88.03
-33.32,-2.36,87.49
-33.95,-2.12,87.10
-34.38,-1.72,87.00
-34.88,-1.31,86.91
-35.69,-0.78,86.93
-36.65,-0.43,86.75
-37.16,-0.34,86.80
-37.63,-0.36,86.92
-38.13,-0.35,86.66
-38.58,-0.39,85.95
-39.15,-0.47,85.39
-39.43,-0.80,84.77
-39.67,-1.20,84.11
-40.09,-1.73,83.87
-40.19,-2.17,83.72
-40.28,-2.35,83.84
-40.23,-2.63,83.94
-40.27,-2.86,84.08
-40.41,-3.13,84.22
-40.53,-3.42,84.38
-40.65,-3.69,84.25
-40.72,-4.06,84.07
-40.65,-4.59,83.72
-40.25,-4.99,83.11
-40.28,-5.42,82.81
-40.23,-5.61,82.15
-40.15,-5.53,81.41
-40.16,-5.09,80.64
-40.29,-4.50,80.11
-40.17,-4.17,79.54
-40.02,-3.93,79.05
-39.88,-3.61,78.55
-39.70,-3.45,78.04
-39.55,-3.18,77.39
-39.45,-3.04,76.85
-39.38,-2.99,76.11
-39.40,-3.12,75.46
-39.38,-3.48,74.78
-39.38,-3.76,74.06
-39.37,-3.98,73.33
-39.36,-4.17,72.62
-39.36,-4.43,71.90
-39.30,-4.82,70.91
-39.27,-5.11,70.06
-39.21,-5.38,69.12
-39.14,-5.54,68.18
-39.10,-5.94,66.97
-39.13,-6.38,65.86
-39.14,-6.57,64.87
-39.09,-6.86,63.73
-38.97,-7.04,62.45
-38.92,-7.25,61.18
-39.11,-7.22,60.44
-39.22,-7.39,59.27
-39.35,-7.46,58.29
-39.37,-7.74,57.36
-39.30,-7.84,56.41
-39.22,-8.16,55.31
-39.22,-8.29,54.66
-39.15,-8.49,53.64
-39.07,-8.68,52.52
-38.96,-9.00,51.52
-38.95,-9.41,50.70
-38.85,-9.59,49.61
-38.79,-9.67,48.65
-38.67,-9.85,47.42
-38.67,-9.94,46.65
-38.61,-10.10,45.62
-38.51,-10.31,44.32
-38.43,-10.44,43.09
-38.43,-10.50,42.25
-38.38,-10.84,41.25
-38.36,-10.77,40.28
-38.22,-10.90,38.97
-38.19,-11.19,37.98
-38.13,-11.60,36.90
-38.05,-11.92,35.75
-38.00,-12.03,34.62
-37.90,-12.16,33.36
-37.89,-12.07,32.27
-37.97,-11.81,31.51
-37.99,-11.62,30.43
-38.11,-11.12,29.59
-38.08,-6.38,30.36
-38.67,-3.08,29.83
-38.76,-1.55,29.52
-38.62,-0.02,28.53
-38.69,1.06,28.11
-38.56,2.20,26.84
-38.53,2.83,26.08
-38.57,3.26,25.34
-38.65,3.56,24.40
-38.70,3.74,23.05
-38.76,3.82,22.16
-38.85,4.36,21.72
-38.93,5.06,21.59
-39.08,5.40,21.35
-39.17,5.67,20.84
-39.28,6.09,20.23
-39.31,6.09,18.77
-39.07,6.33,17.19
-38.82,6.38,15.63
-38.70,6.19,13.67
-38.55,5.84,11.63
-38.46,5.41,9.54
-38.29,5.26,7.60
-38.06,5.30,6.33
-37.84,5.37,4.86
-37.68,5.23,3.37
-37.58,4.79,2.18
-37.41,4.41,1.19
-37.25,4.59,0.30
-37.10,5.16,-0.19
-36.96,5.79,-0.53
-36.91,5.83,-1.28
-36.84,5.75,-2.62
-36.75,5.67,-4.12
-36.65,5.62,-5.59
-36.60,5.36,-6.89
-36.48,4.80,-8.29
-36.34,3.85,-10.01
-36.25,2.86,-12.04
-36.27,2.55,-13.81
-36.31,2.16,-15.26
-36.43,1.72,-16.67
-36.56,1.06,-17.34
-36.61,0.72,-18.15
-36.64,0.40,-19.03
-36.71,-0.13,-19.85
-36.76,-0.68,-20.69
-36.84,-1.37,-21.39
-36.97,-2.16,-22.33
-37.35,-3.53,-23.44
-37.62,-4.90,-24.55
-37.71,-6.51,-24.96
-37.50,-7.73,-26.03
-37.28,-9.18,-27.12
-37.28,-11.10,-28.47
-37.21,-12.67,-29.60
-37.32,-13.24,-29.97
-37.36,-13.61,-30.48
-37.34,-13.60,-31.25
-37.29,-13.71,-32.07
-37.24,-13.89,-32.90
-37.19,-14.05,-33.70
-37.25,-14.45,-34.07
-37.16,-14.99,-35.00
-37.11,-15.34,-35.78
-37.13,-15.50,-36.53
-37.08,-15.64,-37.43
-37.02,-15.72,-38.34
-36.95,-15.82,-39.24
-36.90,-15.92,-40.13
-36.84,-15.99,-40.98
-36.80,-16.04,-41.77
-36.77,-16.07,-42.54
-36.73,-16.12,-43.31
-36.72,-16.24,-43.93
-36.64,-16.56,-44.66
-36.57,-16.62,-45.46
-36.56,-16.57,-46.11
-36.51,-16.64,-46.86
-36.45,-16.71,-47.60
-36.42,-16.74,-48.28
-36.39,-16.74,-48.92
-36.34,-16.81,-49.60
-36.30,-16.82,-50.21
-36.27,-16.84,-50.81
-36.23,-16.88,-51.42
-36.19,-16.89,-51.99
-36.16,-16.90,-52.57
-36.12,-16.92,-53.15
-36.08,-16.94,-53.71
-36.04,-16.96,-54.26
-36.00,-16.97,-54.80
-35.97,-16.99,-55.32
-35.93,-17.00,-55.85
-35.89,-17.02,-56.36
-35.85,-17.03,-56.86
-35.81,-17.05,-57.35
-35.77,-17.06,-57.83
-35.73,-17.07,-58.30
-35.69,-17.08,-58.76
-35.65,-17.09,-59.21
-35.61,-17.11,-59.65
-35.57,-17.13,-60.08
-35.65,-17.37,-60.18
-35.53,-17.58,-60.70
-35.48,-17.75,-61.06
-35.39,-17.83,-61.56
-35.37,-17.78,-61.86
-35.32,-17.81,-62.26
-35.27,-17.84,-62.65
-35.23,-17.83,-62.99
-35.20,-17.82,-63.34
-35.15,-17.84,-63.70
-35.10,-17.88,-64.09
-35.06,-17.89,-64.43
-35.02,-17.89,-64.76
-34.99,-17.89,-65.07
-34.95,-17.87,-65.37
-34.91,-17.89,-65.69
-34.87,-17.90,-66.01
-34.83,-17.90,-66.30
-34.79,-17.90,-66.59
-34.74,-17.90,-66.88
-34.70,-17.89,-67.16
-34.66,-17.91,-67.45
-34.62,-17.92,-67.73
-34.58,-17.92,-67.99
-34.55,-17.92,-68.25
-34.50,-17.92,-68.51
-34.47,-17.92,-68.74
-34.42,-17.92,-68.99
-34.39,-17.93,-69.24
-34.35,-17.93,-69.47
-34.31,-17.92,-69.70
-34.27,-17.92,-69.93
-34.23,-17.93,-70.15
-34.19,-17.93,-70.37
-34.15,-17.93,-70.57
-34.11,-17.93,-70.77
-34.07,-17.93,-70.98
-34.04,-17.93,-71.18
-34.00,-17.94,-71.39
-33.96,-17.94,-71.59
-33.93,-17.92,-71.76
-33.89,-17.92,-71.95
-33.86,-17.92,-72.14
-33.81,-17.92,-72.34
-33.77,-17.94,-72.55
-33.73,-17.94,-72.73
-33.69,-17.93,-72.90
-33.65,-17.92,-73.08
-33.61,-17.92,-73.25
-33.57,-17.93,-73.43
-33.53,-17.93,-73.60
-33.49,-17.92,-73.75
-33.45,-17.92,-73.92
-33.41,-17.93,-74.07
-33.37,-17.92,-74.22
-33.34,-17.92,-74.36
-33.30,-17.90,-74.49
-33.26,-17.90,-74.63
-33.27,-18.04,-74.66
-33.22,-18.07,-74.83
-33.20,-18.02,-74.91
-33.16,-18.03,-75.05
-33.12,-18.03,-75.19
-33.08,-18.02,-75.33
-33.04,-18.02,-75.47
-33.00,-18.01,-75.60
-32.97,-18.00,-75.73
-32.93,-18.00,-75.85
-32.89,-18.01,-75.98
-32.85,-18.01,-76.10
-32.81,-18.00,-76.22
-32.77,-18.00,-76.33
-32.73,-18.00,-76.45
-32.69,-17.99,-76.55
-32.65,-17.99,-76.67
-32.61,-18.00,-76.79
-32.57,-18.00,-76.89
-32.54,-17.98,-76.97
-32.50,-17.98,-77.07
-32.46,-17.99,-77.18
-32.41,-17.99,-77.30
-32.38,-17.98,-77.40
-32.34,-17.98,-77.50
-32.31,-17.97,-77.59
-32.27,-17.96,-77.68
-32.23,-17.96,-77.77
-32.19,-17.95,-77.87
-32.19,-18.05,-77.92
-32.13,-18.08,-78.05
-32.10,-18.06,-78.11
-32.08,-18.02,-78.16
-32.03,-18.03,-78.26
-31.98,-18.03,-78.35
-31.94,-18.03,-78.44
-31.91,-18.02,-78.51
-31.87,-18.00,-78.59
-31.84,-18.00,-78.67
-31.79,-18.00,-78.75
-31.75,-18.00,-78.83
-31.71,-18.01,-78.92
-31.67,-17.99,-78.98
-31.64,-17.97,-79.03
-31.61,-17.96,-79.10
-31.57,-17.96,-79.17
-31.54,-17.96,-79.23
-31.49,-17.96,-79.31
-31.46,-17.96,-79.37
-31.42,-17.95,-79.43
-31.38,-17.94,-79.49
-31.34,-17.93,-79.55
-31.30,-17.92,-79.61
-31.26,-17.92,-79.68
-31.22,-17.92,-79.75
-31.18,-17.91,-79.80
-31.15,-17.90,-79.86
-31.12,-17.89,-79.91
-31.08,-17.88,-79.98
-31.04,-17.88,-80.06
-31.00,-17.88,-80.13
-30.97,-17.86,-80.18
-30.93,-17.86,-80.23
-30.89,-17.85,-80.30
-30.85,-17.85,-80.36
-30.82,-17.83,-80.42
-30.79,-17.82,-80.48
-30.75,-17.83,-80.54
-30.71,-17.82,-80.60
-30.67,-17.81,-80.66
-30.64,-17.80,-80.70
-30.61,-17.80,-80.75
-30.57,-17.79,-80.80
-30.53,-17.79,-80.85
-30.49,-17.78,-80.90
-30.45,-17.78,-80.95
-30.42,-17.77,-81.00
-30.38,-17.76,-81.06
-30.34,-17.76,-81.11
-30.29,-17.75,-81.17
-30.26,-17.75,-81.22
-30.22,-17.74,-81.26
-30.18,-17.74,-81.31
-30.15,-17.73,-81.36
-30.11,-17.72,-81.41
-30.08,-17.71,-81.46
-30.04,-17.71,-81.51
-30.00,-17.69,-81.56
-29.96,-17.69,-81.61
-29.93,-17.68,-81.65
-29.89,-17.67,-81.70
-29.85,-17.67,-81.74
-29.82,-17.66,-81.78
-29.77,-17.66,-81.84
-29.74,-17.65,-81.88
-29.70,-17.64,-81.92
-29.67,-17.63,-81.97
-29.63,-17.62,-82.01
-29.59,-17.62,-82.06
-29.56,-17.61,-82.10
-29.52,-17.60,-82.14
-29.48,-17.60,-82.18
-29.44,-17.59,-82.22
-29.40,-17.58,-82.26
-29.37,-17.58,-82.30
-29.33,-17.57,-82.34
-29.29,-17.56,-82.37
-29.26,-17.55,-82.40
-29.22,-17.54,-82.43
-29.18,-17.53,-82.46
-29.14,-17.53,-82.50
-29.11,-17.52,-82.53
-29.07,-17.50,-82.56
-29.04,-17.50,-82.59
-29.00,-17.49,-82.62
-28.96,-17.48,-82.65
-28.92,-17.48,-82.69
-28.89,-17.47,-82.71
-28.85,-17.46,-82.76
-28.82,-17.45,-82.80
-28.78,-17.44,-82.85
-28.74,-17.44,-82.89
-28.71,-17.43,-82.93
-28.67,-17.42,-82.97
-28.63,-17.41,-83.01
-28.59,-17.40,-83.04
-28.56,-17.40,-83.08
-28.52,-17.39,-83.12
-28.48,-17.38,-83.15
-28.45,-17.37,-83.19
-28.41,-17.36,-83.24
-28.37,-17.36,-83.28
-28.34,-17.35,-83.32
-28.30,-17.34,-83.35
-28.27,-17.33,-83.39
-28.23,-17.32,-83.43
-28.19,-17.32,-83.47
-28.15,-17.31,-83.50
-28.12,-17.31,-83.53
-28.09,-17.30,-83.57
-28.05,-17.29,-83.61
-28.01,-17.28,-83.64
-27.97,-17.27,-83.68
-27.94,-17.25,-83.71
-27.90,-17.24,-83.75
-27.87,-17.23,-83.80
-27.83,-17.23,-83.83
-27.79,-17.22,-83.87
-27.76,-17.20,-83.89
-27.72,-17.19,-83.91
-27.68,-17.19,-83.94
-27.64,-17.19,-83.97
-27.61,-17.18,-84.00
-27.57,-17.17,-84.01
-27.54,-17.16,-84.04
-27.50,-17.15,-84.08
-27.47,-17.15,-84.11
-27.43,-17.14,-84.15
-27.39,-17.13,-84.18
-27.36,-17.13,-84.21
-27.32,-17.11,-84.24
-27.28,-17.11,-84.27
-27.24,-17.10,-84.31
-27.20,-17.09,-84.34
-27.17,-17.08,-84.37
-27.14,-17.07,-84.40
-27.10,-17.06,-84.43
-27.06,-17.06,-84.46
-27.03,-17.05,-84.50
-26.99,-17.05,-84.52
-26.96,-17.04,-84.55
-26.93,-17.02,-84.57
-26.89,-17.02,-84.60
-26.85,-17.01,-84.64
-26.82,-17.00,-84.67
-26.78,-16.99,-84.69
-26.75,-16.98,-84.71
-26.71,-16.98,-84.75
-26.67,-16.97,-84.79
-26.64,-16.96,-84.82
-26.60,-16.95,-84.85
-26.56,-16.95,-84.89
-26.52,-16.94,-84.92
-26.49,-16.94,-84.95
-26.46,-16.92,-84.97
-26.42,-16.92,-85.00
-26.38,-16.91,-85.04
-26.35,-16.90,-85.07
-26.31,-16.88,-85.09
-26.28,-16.87,-85.12
-26.24,-16.87,-85.16
-26.20,-16.87,-85.19
-26.16,-16.86,-85.22
-26.13,-16.85,-85.24
-26.09,-16.84,-85.27
-26.15,-16.68,-84.97
-26.11,-16.67,-85.00
-26.08,-16.66,-85.03
-26.04,-16.66,-85.07
-26.00,-16.65,-85.10
-25.97,-16.64,-85.13
-25.94,-16.63,-85.15
-25.90,-16.62,-85.19
-25.86,-16.61,-85.22
-25.82,-16.60,-85.26
-25.78,-16.60,-85.29
-25.75,-16.59,-85.33
-25.71,-16.58,-85.36
-25.67,-16.57,-85.39
-25.64,-16.56,-85.43
-25.60,-16.55,-85.46
-25.57,-16.54,-85.50
-25.53,-16.53,-85.52
-25.49,-16.52,-85.55
-25.46,-16.51,-85.60
-25.42,-16.50,-85.64
-25.38,-16.50,-85.68
-25.35,-16.48,-85.71
-25.32,-16.47,-85.75
-25.28,-16.46,-85.79
-25.25,-16.46,-85.82
-25.21,-16.45,-85.85
-25.17,-16.44,-85.88
-25.14,-16.43,-85.91
-25.10,-16.43,-85.94
-25.06,-16.42,-85.97
-25.02,-16.42,-86.00
-24.99,-16.41,-86.03
-24.95,-16.40,-86.06
-24.92,-16.39,-86.08
-24.88,-16.39,-86.11
-24.84,-16.37,-86.13
-24.81,-16.37,-86.16
-24.77,-16.36,-86.19
-24.74,-16.35,-86.21
-24.70,-16.34,-86.24
-24.66,-16.33,-86.27
-24.62,-16.32,-86.29
-24.58,-16.31,-86.33
-24.55,-16.30,-86.36
-24.51,-16.29,-86.38
-24.48,-16.28,-86.41
-24.44,-16.28,-86.44
-24.41,-16.27,-86.47
-24.37,-16.25,-86.51
-24.34,-16.24,-86.54
-24.30,-16.23,-86.57
-24.26,-16.23,-86.60
-24.23,-16.22,-86.63
-24.19,-16.21,-86.67
-24.15,-16.20,-86.71
-24.11,-16.19,-86.75
-24.07,-16.18,-86.79
-24.04,-16.18,-86.82
-24.00,-16.16,-86.86
-23.97,-16.15,-86.89
-23.94,-16.14,-86.93
-23.90,-16.13,-86.96
-23.87,-16.12,-86.99
-23.83,-16.11,-87.03
-23.80,-16.10,-87.07
-23.76,-16.09,-87.10
-23.72,-16.08,-87.13
-23.68,-16.07,-87.16
-23.65,-16.06,-87.18
-23.61,-16.05,-87.20
-23.58,-16.04,-87.22
-23.55,-16.03,-87.23
-23.51,-16.02,-87.26
-23.47,-16.01,-87.28
-23.43,-16.00,-87.29
-23.40,-15.99,-87.32
-23.36,-15.98,-87.34
-23.32,-15.97,-87.36
-23.29,-15.97,-87.38
-23.25,-15.95,-87.41
-23.22,-15.94,-87.44
-23.18,-15.94,-87.46
-23.14,-15.93,-87.48
-23.10,-15.92,-87.50
-23.07,-15.91,-87.53
-23.03,-15.89,-87.56
-23.00,-15.88,-87.58
-22.97,-15.88,-87.60
-22.93,-15.87,-87.62
-22.89,-15.86,-87.65
-22.85,-15.85,-87.68
-22.81,-15.84,-87.70
-22.77,-15.83,-87.73
-22.74,-15.82,-87.76
-22.70,-15.81,-87.79
-22.66,-15.80,-87.81
-22.63,-15.79,-87.82
-22.60,-15.78,-87.84
-22.56,-15.77,-87.86
-22.52,-15.76,-87.89
-22.48,-15.75,-87.91
-22.45,-15.74,-87.93
-22.41,-15.73,-87.96
-22.38,-15.72,-87.98
-22.35,-15.71,-88.00
-22.30,-15.70,-88.03
-22.27,-15.69,-88.05
-22.24,-15.68,-88.07
-22.20,-15.68,-88.10
-22.16,-15.67,-88.13
-22.12,-15.66,-88.16
-22.08,-15.65,-88.18
-22.05,-15.64,-88.21
-22.01,-15.64,-88.23
-21.98,-15.63,-88.25
-21.94,-15.62,-88.27
-21.91,-15.61,-88.29
-21.87,-15.60,-88.32
-21.83,-15.59,-88.34
-21.79,-15.58,-88.36
-21.76,-15.57,-88.39
-21.72,-15.56,-88.40
-21.69,-15.55,-88.43
-21.65,-15.54,-88.45
-21.61,-15.53,-88.46
-21.58,-15.52,-88.48
-21.55,-15.51,-88.50
-21.51,-15.51,-88.53
-21.48,-15.50,-88.55
-21.44,-15.49,-88.57
-21.40,-15.48,-88.60
-21.37,-15.47,-88.63
-21.33,-15.46,-88.65
-21.29,-15.45,-88.67
-21.25,-15.44,-88.70
-21.22,-15.43,-88.72
-21.18,-15.42,-88.74
-21.14,-15.41,-88.76
-21.11,-15.40,-88.78
-21.08,-15.39,-88.80
-21.04,-15.38,-88.82
-21.00,-15.37,-88.85
-20.97,-15.36,-88.87
-20.93,-15.35,-88.90
-20.89,-15.34,-88.92
-20.85,-15.33,-88.94
-20.81,-15.32,-88.96
-20.78,-15.31,-88.98
-20.74,-15.30,-89.00
-20.70,-15.29,-89.02
-20.67,-15.28,-89.04
-20.64,-15.27,-89.06
-20.60,-15.26,-89.08
-20.57,-15.25,-89.10
-20.53,-15.23,-89.12
-20.50,-15.23,-89.14
-20.46,-15.22,-89.17
-20.51,-15.08,-88.85
-20.48,-15.07,-88.88
-20.44,-15.06,-88.90
-20.41,-15.05,-88.93
-20.37,-15.04,-88.95
-20.33,-15.03,-88.98
-20.30,-15.02,-89.00
-20.26,-15.01,-89.03
-20.22,-15.00,-89.06
-20.18,-14.99,-89.08
-20.15,-14.97,-89.11
-20.11,-14.97,-89.14
-20.08,-14.95,-89.17
-20.04,-14.94,-89.20
-20.01,-14.93,-89.23
-19.97,-14.92,-89.26
-19.94,-14.91,-89.30
-19.90,-14.90,-89.32
-19.86,-14.89,-89.35
-19.83,-14.88,-89.37
-19.79,-14.87,-89.40
-19.76,-14.86,-89.42
-19.72,-14.85,-89.44
-19.69,-14.84,-89.46
-19.65,-14.83,-89.48
-19.61,-14.82,-89.51
-19.58,-14.81,-89.53
-19.54,-14.80,-89.55
-19.51,-14.79,-89.58
-19.47,-14.78,-89.61
-19.44,-14.77,-89.63
-19.40,-14.76,-89.67
-19.37,-14.75,-89.70
-19.33,-14.74,-89.73
-19.29,-14.73,-89.75
-19.25,-14.72,-89.78
-19.21,-14.71,-89.81
-19.17,-14.70,-89.83
-19.14,-14.69,-89.86
-19.11,-14.68,-89.89
-19.07,-14.68,-89.90
-19.03,-14.67,-89.93
-18.99,-14.66,-89.96
-18.96,-14.65,-89.98
-18.92,-14.64,-90.00
-18.89,-14.63,-90.02
-18.86,-14.62,-90.04
-18.82,-14.61,-90.06
-18.79,-14.60,-90.08
-18.75,-14.59,-90.10
-18.71,-14.58,-90.12
-18.68,-14.57,-90.14
-18.64,-14.56,-90.16
-18.61,-14.55,-90.19
-18.57,-14.53,-90.22
-18.53,-14.53,-90.24
-18.50,-14.52,-90.27
-18.47,-14.51,-90.29
-18.43,-14.50,-90.32
-18.40,-14.48,-90.34
-18.36,-14.48,-90.36
-18.33,-14.47,-90.37
-18.30,-14.46,-90.39
-18.26,-14.45,-90.42
-18.22,-14.44,-90.44
-18.19,-14.43,-90.47
-18.15,-14.41,-90.49
-18.12,-14.40,-90.51
-18.08,-14.39,-90.53
-18.05,-14.38,-90.55
-18.01,-14.37,-90.57
-17.97,-14.36,-90.60
-17.94,-14.35,-90.63
-17.90,-14.34,-90.65
-17.86,-14.33,-90.68
-17.83,-14.32,-90.70
-17.80,-14.31,-90.72
-17.76,-14.30,-90.74
-17.73,-14.29,-90.76
-17.70,-14.28,-90.78
-17.67,-14.27,-90.80
-17.62,-14.26,-90.81
-17.59,-14.24,-90.83
-17.55,-14.23,-90.84
-17.52,-14.22,-90.86
-17.48,-14.21,-90.88
-17.45,-14.20,-90.90
-17.41,-14.19,-90.91
-17.38,-14.19,-90.93
-17.34,-14.18,-90.94
-17.31,-14.17,-90.96
-17.27,-14.16,-90.98
-17.24,-14.15,-90.99
-17.20,-14.14,-91.01
-17.16,-14.13,-91.03
-17.13,-14.12,-91.04
-17.10,-14.12,-91.06
-17.06,-14.11,-91.08
-17.02,-14.09,-91.09
-16.99,-14.08,-91.11
-16.95,-14.07,-91.13
-16.91,-14.07,-91.15
-16.87,-14.06,-91.17
-16.84,-14.05,-91.19
-16.80,-14.04,-91.21
-16.76,-14.03,-91.23
-16.73,-14.02,-91.24
-16.69,-14.01,-91.26
-16.66,-14.00,-91.28
-16.62,-13.99,-91.30
-16.58,-13.98,-91.32
-16.55,-13.97,-91.34
-16.51,-13.95,-91.36
-16.47,-13.94,-91.38
-16.43,-13.93,-91.39
-16.40,-13.92,-91.40
-16.36,-13.91,-91.42
-16.32,-13.90,-91.43
-16.28,-13.89,-91.45
-16.25,-13.89,-91.46
-16.21,-13.88,-91.48
-16.17,-13.86,-91.49
-16.13,-13.86,-91.51
-16.09,-13.84,-91.52
-16.06,-13.84,-91.53
-16.02,-13.83,-91.55
-15.99,-13.81,-91.57
-15.95,-13.80,-91.59
-15.91,-13.80,-91.60
-15.87,-13.78,-91.62
-15.84,-13.77,-91.64
-15.80,-13.77,-91.66
-15.76,-13.76,-91.68
-15.72,-13.75,-91.70
-15.68,-13.74,-91.72
-15.65,-13.73,-91.73
-15.61,-13.72,-91.75
-15.57,-13.71,-91.77
-15.54,-13.70,-91.78
-15.50,-13.69,-91.80
-15.46,-13.68,-91.81
-15.42,-13.67,-91.83
-15.38,-13.66,-91.85
-15.35,-13.65,-91.86
-15.31,-13.64,-91.88
-15.28,-13.63,-91.89
-15.24,-13.62,-91.91
-15.20,-13.61,-91.92
-15.16,-13.59,-91.94
-15.13,-13.58,-91.97
-15.09,-13.57,-91.99
-15.05,-13.56,-92.01
-15.01,-13.54,-92.04
-14.97,-13.53,-92.06
-14.93,-13.52,-92.08
-14.90,-13.51,-92.09
-14.86,-13.50,-92.10
-14.83,-13.49,-92.12
-14.79,-13.49,-92.13
-14.75,-13.48,-92.14
-14.72,-13.46,-92.15
-14.68,-13.45,-92.17
-14.64,-13.44,-92.19
-14.61,-13.43,-92.21
-14.57,-13.42,-92.23
-14.54,-13.41,-92.24
-14.50,-13.40,-92.26
-14.46,-13.39,-92.28
-14.42,-13.38,-92.30
-14.39,-13.37,-92.32
-14.35,-13.36,-92.34
-14.31,-13.35,-92.35
-14.28,-13.34,-92.36
-14.24,-13.33,-92.38
-14.20,-13.32,-92.40
-14.17,-13.31,-92.42
-14.13,-13.29,-92.44
-14.09,-13.28,-92.46
-14.06,-13.27,-92.47
-14.03,-13.26,-92.49
-13.99,-13.25,-92.51
-13.95,-13.23,-92.53
-13.92,-13.22,-92.55
-13.88,-13.21,-92.57
-13.85,-13.20,-92.58
-13.81,-13.19,-92.60
-13.77,-13.18,-92.62
-13.74,-13.17,-92.63
-13.70,-13.16,-92.65
-13.66,-13.15,-92.67
-13.63,-13.14,-92.68
-13.59,-13.12,-92.70
-13.56,-13.11,-92.70
-13.52,-13.10,-92.72
-13.48,-13.09,-92.74
-13.45,-13.08,-92.75
-13.41,-13.07,-92.77
-13.37,-13.06,-92.79
-13.33,-13.05,-92.81
-13.30,-13.03,-92.83
-13.26,-13.02,-92.85
-13.22,-13.01,-92.87
-13.19,-13.00,-92.89
-13.15,-12.99,-92.91
-13.11,-12.98,-92.93
-13.08,-12.97,-92.94
-13.04,-12.96,-92.96
-13.00,-12.95,-92.97
-12.97,-12.94,-92.98
-12.93,-12.93,-93.00
-12.90,-12.91,-93.01
-12.86,-12.90,-93.02
-12.82,-12.89,-93.04
-12.78,-12.88,-93.05
-12.74,-12.87,-93.06
-12.70,-12.86,-93.08
-12.67,-12.85,-93.10
-12.63,-12.83,-93.12
-12.59,-12.82,-93.13
-12.56,-12.81,-93.14
-12.52,-12.80,-93.16
-12.49,-12.79,-93.17
-12.45,-12.78,-93.19
-12.41,-12.77,-93.21
-12.38,-12.76,-93.23
-12.34,-12.75,-93.25
-12.30,-12.74,-93.27
-12.27,-12.73,-93.28
-12.24,-12.72,-93.30
-12.20,-12.70,-93.32
-12.16,-12.69,-93.34
-12.13,-12.69,-93.35
-12.09,-12.68,-93.36
-12.05,-12.66,-93.38
-12.01,-12.65,-93.40
-11.98,-12.64,-93.41
-11.94,-12.63,-93.43
-11.91,-12.62,-93.44
-11.87,-12.61,-93.45
-11.84,-12.60,-93.46
-11.80,-12.59,-93.47
-11.76,-12.57,-93.49
-11.72,-12.56,-93.50
-11.69,-12.55,-93.52
-11.65,-12.54,-93.53
-11.61,-12.52,-93.55
-11.58,-12.51,-93.55
-11.54,-12.50,-93.56
-11.50,-12.49,-93.58
-11.47,-12.48,-93.59
-11.43,-12.47,-93.60
-11.39,-12.46,-93.62
-11.35,-12.45,-93.64
-11.31,-12.44,-93.66
-11.27,-12.43,-93.68
-11.24,-12.42,-93.70
-11.20,-12.40,-93.71
-11.17,-12.39,-93.73
-11.13,-12.38,-93.75
-11.09,-12.38,-93.77
-11.05,-12.37,-93.78
-11.02,-12.36,-93.79
-10.98,-12.34,-93.81
-10.94,-12.34,-93.84
-10.90,-12.32,-93.85
-10.87,-12.31,-93.87
-10.83,-12.30,-93.89
-10.80,-12.29,-93.90
-10.76,-12.28,-93.91
-10.72,-12.27,-93.93
-10.69,-12.26,-93.94
-10.65,-12.25,-93.95
-10.62,-12.24,-93.96
-10.59,-12.23,-93.98
-10.55,-12.22,-94.00
-10.51,-12.21,-94.01
-10.48,-12.20,-94.02
-10.44,-12.19,-94.04
-10.41,-12.17,-94.05
-10.36,-12.17,-94.07
-10.33,-12.16,-94.08
-10.29,-12.14,-94.09
-10.25,-12.13,-94.10
-10.22,-12.12,-94.11
-10.18,-12.11,-94.12
-10.14,-12.10,-94.13
-10.11,-12.09,-94.14
-10.07,-12.07,-94.14
-10.04,-12.06,-94.15
-10.00,-12.05,-94.16
-9.96,-12.04,-94.17
-9.93,-12.03,-94.18
-9.89,-12.02,-94.19
-9.86,-12.00,-94.20
-9.83,-11.99,-94.22
-9.79,-11.97,-94.24
-9.76,-11.96,-94.25
-9.73,-11.95,-94.26
-9.69,-11.94,-94.28
-9.65,-11.93,-94.29
-9.62,-11.92,-94.30
-9.58,-11.91,-94.31
-9.55,-11.89,-94.33
-9.51,-11.88,-94.34
-9.48,-11.87,-94.35
-9.44,-11.85,-94.37
-9.41,-11.84,-94.38
-9.37,-11.83,-94.39
-9.33,-11.82,-94.40
-9.29,-11.81,-94.41
-9.26,-11.79,-94.42
-9.22,-11.78,-94.44
-9.19,-11.77,-94.45
-9.15,-11.76,-94.46
-9.11,-11.75,-94.48
-9.08,-11.74,-94.49
-9.04,-11.72,-94.50
-9.00,-11.71,-94.51
-8.97,-11.70,-94.52
-8.93,-11.69,-94.53
-8.89,-11.68,-94.54
-8.86,-11.67,-94.55
-8.83,-11.65,-94.56
-8.79,-11.64,-94.57
-8.76,-11.63,-94.58
-8.73,-11.61,-94.59
-8.69,-11.60,-94.60
-8.65,-11.59,-94.61
-8.61,-11.58,-94.62
-8.58,-11.56,-94.64
-8.54,-11.55,-94.65
-8.51,-11.54,-94.66
-8.47,-11.53,-94.67
-8.44,-11.52,-94.68
-8.40,-11.50,-94.69
-8.36,-11.50,-94.71
-8.32,-11.49,-94.73
-8.28,-11.48,-94.73
-8.24,-11.47,-94.75
-8.20,-11.45,-94.76
-8.17,-11.44,-94.78
-8.13,-11.43,-94.80
-8.10,-11.42,-94.81
-8.06,-11.40,-94.82
-8.02,-11.40,-94.85
-7.99,-11.38,-94.85
-7.95,-11.37,-94.87
-7.91,-11.36,-94.89
-7.88,-11.34,-94.90
-7.84,-11.33,-94.91
-7.80,-11.32,-94.93
-7.76,-11.30,-94.94
-7.72,-11.29,-94.95
-7.69,-11.28,-94.96
-7.65,-11.27,-94.97
-7.62,-11.26,-94.98
-7.58,-11.25,-94.99
-7.54,-11.24,-95.01
-7.50,-11.23,-95.02
-7.47,-11.21,-95.04
-7.43,-11.20,-95.04
-7.39,-11.18,-95.06
-7.35,-11.17,-95.08
-7.32,-11.16,-95.08
-7.28,-11.15,-95.09
-7.24,-11.14,-95.11
-7.20,-11.12,-95.13
-7.17,-11.11,-95.14
-7.13,-11.10,-95.16
-7.10,-11.09,-95.17
-7.07,-11.07,-95.19
-7.03,-11.06,-95.20
-7.00,-11.05,-95.21
-6.96,-11.04,-95.22
-6.92,-11.03,-95.23
-6.88,-11.01,-95.25
-6.85,-11.00,-95.25
-6.81,-10.99,-95.27
-6.78,-10.98,-95.28
-6.75,-10.97,-95.30
-6.71,-10.95,-95.31
-6.67,-10.94,-95.32
-6.64,-10.93,-95.33
-6.60,-10.92,-95.35
-6.56,-10.91,-95.37
-6.53,-10.89,-95.38
-6.50,-10.88,-95.39
-6.46,-10.87,-95.40
-6.42,-10.86,-95.42
-6.39,-10.85,-95.42
-6.35,-10.84,-95.44
-6.31,-10.83,-95.45
-6.28,-10.82,-95.46
-6.25,-10.80,-95.47
-6.21,-10.79,-95.48
-6.18,-10.78,-95.49
-6.14,-10.76,-95.51
-6.11,-10.75,-95.52
-6.07,-10.74,-95.52
-6.04,-10.72,-95.54
-6.00,-10.71,-95.55
-5.97,-10.70,-95.56
-5.93,-10.69,-95.58
-5.89,-10.68,-95.59
-5.86,-10.67,-95.60
-5.82,-10.66,-95.61
-5.79,-10.65,-95.62
-5.76,-10.64,-95.63
-5.72,-10.63,-95.64
-5.68,-10.62,-95.66
-5.65,-10.60,-95.67
-5.61,-10.59,-95.68
-5.57,-10.58,-95.69
-5.54,-10.57,-95.71
-5.50,-10.56,-95.73
-5.47,-10.55,-95.74
-5.43,-10.54,-95.76
-5.39,-10.52,-95.77
-5.35,-10.51,-95.79
-5.31,-10.50,-95.80
-5.28,-10.49,-95.81
-5.24,-10.47,-95.81
-5.21,-10.46,-95.83
-5.17,-10.45,-95.83
-5.13,-10.44,-95.84
-5.09,-10.43,-95.85
-5.06,-10.42,-95.87
-5.02,-10.41,-95.88
-4.99,-10.39,-95.89
-4.95,-10.38,-95.90
-4.92,-10.37,-95.91
-4.88,-10.36,-95.92
-4.84,-10.34,-95.93
-4.80,-10.33,-95.95
-4.77,-10.32,-95.96
-4.73,-10.31,-95.98
-4.70,-10.30,-95.99
-4.66,-10.29,-96.01
-4.62,-10.27,-96.02
-4.59,-10.26,-96.04
-4.55,-10.24,-96.05
-4.51,-10.23,-96.06
-4.48,-10.22,-96.08
-4.44,-10.21,-96.09
-4.41,-10.20,-96.10
-4.37,-10.18,-96.12
-4.34,-10.17,-96.13
-4.30,-10.16,-96.14
-4.27,-10.15,-96.15
-4.24,-10.14,-96.16
-4.21,-10.13,-96.17
-4.17,-10.12,-96.18
-4.14,-10.11,-96.20
-4.11,-10.09,-96.20
-4.08,-10.07,-96.21
-4.05,-10.06,-96.21
-4.01,-10.04,-96.23
-3.98,-10.03,-96.24
-3.94,-10.01,-96.23
-3.91,-10.00,-96.25
-3.87,-9.99,-96.27
-3.83,-9.98,-96.28
-3.79,-9.97,-96.29
-3.75,-9.96,-96.30
-3.72,-9.95,-96.30
-3.69,-9.94,-96.32
-3.66,-9.93,-96.32
-3.63,-9.91,-96.33
-3.59,-9.90,-96.34
-3.56,-9.89,-96.35
-3.52,-9.88,-96.38
-3.48,-9.87,-96.41
-3.45,-9.86,-96.41
-3.42,-9.84,-96.40
-3.39,-9.83,-96.40
-3.35,-9.82,-96.42
-3.31,-9.80,-96.43
-3.28,-9.79,-96.44
-3.24,-9.78,-96.44
-3.21,-9.77,-96.45
-3.17,-9.76,-96.46
-3.14,-9.74,-96.48
-3.10,-9.73,-96.49
-3.07,-9.72,-96.49
-3.04,-9.71,-96.49
-3.01,-9.70,-96.51
-2.97,-9.69,-96.52
-2.94,-9.68,-96.53
-2.90,-9.67,-96.55
-2.87,-9.66,-96.56
-2.83,-9.65,-96.57
-2.80,-9.63,-96.57
-2.76,-9.62,-96.59
-2.72,-9.61,-96.60
-2.69,-9.60,-96.61
-2.65,-9.59,-96.62
-2.61,-9.58,-96.63
-2.58,-9.56,-96.64
-2.54,-9.55,-96.65
-2.50,-9.54,-96.66
-2.47,-9.53,-96.68
-2.43,-9.52,-96.69
-2.39,-9.51,-96.70
-2.35,-9.50,-96.72
-2.32,-9.49,-96.73
-2.28,-9.47,-96.73
-2.24,-9.46,-96.75
-2.21,-9.46,-96.76
-2.17,-9.45,-96.77
-2.13,-9.43,-96.78
-2.10,-9.42,-96.79
-2.06,-9.41,-96.80
-2.02,-9.40,-96.81
-1.99,-9.39,-96.82
-1.95,-9.37,-96.83
-1.92,-9.36,-96.84
-1.89,-9.35,-96.85
-1.85,-9.33,-96.86
-1.81,-9.32,-96.88
-1.78,-9.31,-96.89
-1.74,-9.30,-96.89
-1.70,-9.28,-96.91
-1.66,-9.27,-96.92
-1.63,-9.25,-96.93
-1.59,-9.24,-96.95
-1.55,-9.23,-96.96
-1.52,-9.22,-96.96
-1.48,-9.21,-96.97
-1.44,-9.20,-96.98
-1.41,-9.18,-96.99
-1.37,-9.17,-97.00
-1.34,-9.16,-97.01
-1.30,-9.15,-97.01
-1.26,-9.14,-97.02
-1.23,-9.13,-97.03
-1.20,-9.12,-97.04
-1.16,-9.11,-97.05
-1.12,-9.10,-97.06
-1.09,-9.09,-97.06
-1.05,-9.08,-97.08
-1.02,-9.07,-97.09
-0.98,-9.05,-97.10
-0.94,-9.04,-97.11
-0.91,-9.05,-97.12
-0.87,-9.04,-97.14
-0.83,-9.02,-97.14
-0.80,-9.02,-97.15
-0.76,-9.01,-97.17
-0.72,-9.00,-97.17
-0.69,-8.99,-97.18
-0.65,-8.97,-97.18
-0.62,-8.97,-97.19
-0.58,-8.96,-97.20
-0.55,-8.94,-97.21
-0.51,-8.93,-97.22
-0.47,-8.92,-97.23
-0.44,-8.90,-97.23
-0.40,-8.89,-97.25
-0.37,-8.88,-97.26
-0.33,-8.86,-97.28
-0.30,-8.85,-97.28
-0.26,-8.84,-97.29
-0.45,-9.82,-96.73
-0.48,-9.84,-96.76
-0.09,-9.41,-100.09
0.31,-15.04,-99.74
0.35,-20.07,-99.28
-0.73,-26.50,-96.59
-2.19,-31.93,-93.11
-3.25,-33.77,-90.27
-4.04,-34.22,-87.64
-4.03,-34.21,-86.10
-3.05,-34.33,-85.36
-1.69,-34.43,-84.89
-0.23,-35.39,-84.55
1.36,-36.07,-84.82
3.11,-36.65,-85.40
4.73,-37.85,-85.89
6.52,-40.22,-86.71
8.81,-42.79,-88.05
11.67,-45.48,-89.81
13.48,-47.79,-93.49
13.87,-50.16,-97.09
14.12,-53.32,-99.69
14.36,-56.76,-101.27
13.92,-59.61,-102.42
13.97,-62.51,-103.75
14.70,-65.41,-105.56
18.08,-68.85,-109.54
21.21,-72.23,-113.37
24.77,-74.07,-117.02
27.56,-76.54,-119.92
31.68,-78.32,-123.93
37.01,-79.79,-129.10
41.03,-80.99,-132.77
43.34,-82.01,-135.00
43.86,-82.41,-135.43
46.93,-82.78,-138.37
50.33,-83.11,-141.68
52.88,-83.54,-144.04
54.01,-83.76,-144.94
53.98,-83.82,-144.61
52.20,-83.71,-142.58
50.46,-83.76,-140.70
49.43,-83.96,-139.59
49.44,-84.19,-139.49
50.95,-84.33,-140.85
53.65,-84.36,-143.16
55.12,-83.88,-143.82
55.22,-83.43,-142.78
54.73,-82.63,-140.86
52.33,-81.85,-137.42
51.61,-81.33,-136.14
50.01,-81.06,-134.25
47.32,-80.83,-131.35
42.62,-80.42,-126.63
35.31,-78.99,-119.49
29.52,-76.45,-113.85
27.06,-73.78,-111.42
25.50,-71.53,-110.02
26.28,-68.95,-110.76
26.55,-67.07,-111.56
26.42,-66.03,-111.56
26.48,-65.09,-111.54
27.07,-64.69,-112.02
27.93,-64.77,-112.90
28.49,-64.81,-113.52
27.57,-64.50,-112.69
27.75,-64.19,-112.85
26.25,-63.69,-111.41
24.53,-62.46,-109.58
23.56,-61.15,-108.38
22.45,-59.93,-107.13
21.48,-58.56,-106.57
19.85,-54.84,-106.13
17.96,-52.34,-104.21
16.99,-50.38,-103.46
16.82,-48.94,-103.57
16.18,-48.43,-102.74
16.21,-48.39,-102.95
16.14,-48.49,-102.92
16.27,-48.26,-102.93
16.25,-47.82,-102.92
15.80,-47.46,-102.17
15.75,-47.04,-101.90
16.66,-46.44,-102.81
17.37,-45.89,-103.55
16.58,-45.61,-102.63
16.37,-45.39,-102.23
16.99,-45.23,-103.05
16.85,-45.22,-102.83
16.78,-45.17,-102.72
16.90,-45.11,-102.84
16.96,-45.07,-102.86
16.88,-45.03,-102.72
16.90,-44.97,-102.69
16.95,-44.91,-102.73
17.00,-44.81,-102.76
16.98,-44.71,-102.68
17.01,-44.59,-102.68
17.13,-44.44,-102.84
16.94,-44.40,-102.51
17.06,-44.35,-102.70
17.07,-44.31,-102.65
17.07,-44.27,-102.63
17.07,-44.23,-102.61
17.08,-44.16,-102.60
17.11,-44.14,-102.60
17.29,-43.71,-102.86
17.87,-44.07,-99.95
17.09,-44.10,-97.47
17.56,-44.57,-97.40
18.73,-45.42,-97.77
18.74,-47.07,-97.65
19.24,-48.27,-98.15
19.45,-49.54,-98.61
18.65,-50.64,-98.09
20.99,-49.91,-101.01
22.11,-49.07,-102.14
21.76,-47.85,-101.76
19.56,-46.99,-99.43
19.50,-45.56,-101.77
21.29,-44.14,-103.47
20.07,-43.75,-103.06
18.86,-43.88,-101.74
19.54,-42.93,-102.95
20.68,-39.92,-103.48
17.32,-44.11,-97.53
19.97,-49.20,-99.53
25.86,-55.53,-107.75
19.39,-55.45,-98.91
14.63,-55.61,-93.55
16.27,-57.95,-96.10
16.44,-57.55,-96.24
17.36,-55.99,-96.24
18.50,-57.18,-97.27
21.58,-58.62,-99.84
24.67,-59.59,-101.79
26.87,-60.84,-102.51
31.80,-62.35,-106.40
35.76,-64.12,-110.08
39.52,-65.95,-113.62
44.51,-67.83,-118.48
47.67,-68.83,-121.76
49.92,-69.52,-124.12
53.50,-70.78,-127.79
62.22,-72.12,-137.12
66.23,-72.44,-141.57
63.59,-71.99,-138.63
65.29,-72.29,-140.16
72.29,-72.86,-147.66
78.21,-73.04,-154.12
79.22,-73.01,-155.67
81.16,-72.71,-158.77
86.71,-71.95,-165.73
90.46,-71.13,-170.53
90.51,-71.05,-171.16
91.66,-70.60,-172.61
93.33,-69.71,-174.23
93.84,-69.00,-174.55
92.44,-68.78,-172.66
92.05,-68.29,-172.33
90.75,-68.14,-171.67
89.23,-67.95,-170.31
87.52,-67.73,-169.10
85.98,-67.55,-168.03
84.70,-67.14,-167.09
83.97,-66.82,-166.96
83.30,-66.87,-167.10
82.86,-67.00,-166.74
82.80,-67.19,-166.35
82.74,-67.26,-166.01
83.31,-67.39,-166.71
84.91,-67.60,-168.56
85.77,-67.64,-169.64
85.27,-67.71,-169.01
84.80,-67.78,-168.36
85.51,-67.96,-169.08
87.02,-67.71,-170.79
89.55,-67.60,-173.64
91.14,-67.23,-175.66
91.03,-67.66,-175.92
89.80,-68.12,-175.41
90.30,-67.20,-176.96
92.13,-67.17,179.39
96.58,-69.81,179.30
92.38,-71.49,-176.14
92.66,-72.94,-177.39
93.85,-71.90,-178.00
93.96,-71.64,-178.38
93.92,-72.08,-178.18
93.86,-72.35,-178.11
93.72,-72.68,-177.78
93.58,-72.97,-177.68
93.43,-72.72,-177.61
93.27,-72.19,-177.62
93.12,-71.61,-177.55
93.12,-71.01,-177.89
93.29,-70.13,-178.50
93.39,-70.47,-178.39
93.21,-70.63,-178.36
93.34,-70.37,-178.48
93.19,-70.52,-178.36
93.12,-70.42,-178.38
93.12,-70.27,-178.39
93.02,-70.28,-178.34
92.97,-70.31,-178.31
92.98,-70.30,-178.35
92.96,-70.28,-178.37
93.01,-70.24,-178.46
92.97,-70.19,-178.45
92.88,-70.26,-178.37
92.84,-70.22,-178.36
92.81,-70.20,-178.35
92.78,-70.19,-178.34
92.75,-70.18,-178.34
92.74,-70.17,-178.35
92.72,-70.18,-178.35
92.69,-70.16,-178.35
92.66,-70.14,-178.34
92.64,-70.13,-178.34
92.61,-70.12,-178.33
92.59,-70.11,-178.34
92.57,-70.11,-178.34
92.56,-70.10,-178.35
92.53,-70.09,-178.34
92.52,-70.09,-178.35
92.50,-70.08,-178.35
92.48,-70.07,-178.35
92.45,-70.06,-178.33
92.43,-70.04,-178.34
92.41,-70.03,-178.34
92.40,-70.03,-178.34
92.39,-70.01,-178.36
92.38,-70.01,-178.36
92.37,-70.00,-178.38
92.36,-69.99,-178.39
92.41,-70.04,-178.38
92.43,-70.69,-177.84
92.23,-71.09,-177.69
92.11,-71.47,-177.48
92.20,-71.79,-177.53
92.26,-72.38,-177.33
92.19,-72.45,-177.09
92.39,-72.16,-177.29
91.99,-72.62,-176.90
92.22,-72.54,-177.27
92.48,-71.93,-177.69
92.40,-72.17,-177.68
92.57,-72.25,-177.87
92.76,-72.26,-178.05
92.78,-72.75,-178.07
92.87,-72.75,-178.21
93.61,-71.70,-179.02
93.85,-71.53,-179.11
93.91,-72.19,-179.23
94.26,-71.95,-179.86
94.57,-71.68,179.82
94.62,-71.63,179.58
94.65,-71.96,179.62
94.58,-72.15,179.64
94.56,-72.21,179.65
94.64,-72.32,179.57
94.71,-72.30,179.49
94.72,-71.79,179.46
94.70,-72.28,179.43
94.75,-72.15,179.28
94.76,-71.90,179.19
94.68,-71.79,179.22
94.63,-71.49,179.27
94.61,-71.38,179.27
94.35,-71.07,179.48
93.55,-71.04,-179.76
93.35,-71.65,-179.41
92.93,-72.05,-178.81
92.69,-70.57,-178.82
92.68,-69.56,-178.48
92.39,-69.81,-178.35
92.84,-69.19,-178.79
92.75,-69.53,-178.76
92.68,-69.58,-178.72
92.71,-69.36,-178.76
92.69,-69.48,-178.77
92.71,-69.49,-178.79
93.15,-70.28,-178.59
93.15,-71.78,-177.74
92.88,-71.66,-177.44
88.62,-71.00,-173.34
84.98,-70.83,-169.21
85.78,-73.58,-169.22
85.81,-72.74,-169.74
84.34,-73.37,-168.61
84.04,-72.84,-168.83
83.84,-72.84,-168.86
83.18,-72.67,-168.32
83.52,-72.62,-168.82
83.84,-72.72,-169.52
82.23,-72.21,-168.10
80.02,-73.26,-165.34
80.11,-72.99,-165.03
79.41,-72.91,-164.29
78.70,-72.53,-163.62
77.46,-72.30,-162.52
76.00,-72.12,-161.42
75.94,-71.88,-161.93
75.17,-71.93,-161.56
73.94,-72.05,-160.39
72.93,-72.14,-159.15
73.25,-71.66,-159.14
73.37,-71.45,-159.06
72.72,-71.76,-158.58
71.98,-71.80,-158.19
70.61,-71.74,-156.99
69.22,-71.60,-155.58
67.74,-71.84,-154.02
67.90,-71.73,-154.10
68.42,-71.63,-154.48
68.76,-71.76,-154.60
69.11,-71.93,-154.71
69.27,-71.76,-154.55
69.03,-71.69,-154.21
68.98,-71.56,-154.35
69.27,-71.16,-155.00
68.95,-70.96,-154.46
70.66,-71.25,-156.28
70.91,-71.27,-156.48
70.80,-71.29,-156.32
71.29,-71.02,-157.08
71.66,-70.93,-157.30
71.67,-70.99,-157.28
71.59,-70.99,-157.24
71.67,-70.94,-157.29
71.59,-70.98,-157.21
71.58,-70.94,-157.22
71.72,-70.82,-157.36
71.75,-70.78,-157.39
71.74,-70.77,-157.38
71.72,-70.77,-157.36
71.69,-70.76,-157.33
71.72,-70.72,-157.37
71.72,-70.72,-157.37
71.72,-70.71,-157.37
71.73,-70.68,-157.39
71.73,-70.67,-157.39
71.73,-70.66,-157.38
71.72,-70.64,-157.38
71.72,-70.62,-157.38
71.70,-70.61,-157.37
71.70,-70.60,-157.37
71.69,-70.58,-157.36
71.71,-70.57,-157.38
71.71,-70.57,-157.38
71.72,-70.55,-157.39
71.74,-70.54,-157.41
71.74,-70.52,-157.42
71.75,-70.50,-157.43
71.76,-70.50,-157.44
71.76,-70.48,-157.45
71.76,-70.47,-157.45
71.77,-70.46,-157.45
71.77,-70.45,-157.46
71.78,-70.44,-157.47
71.78,-70.42,-157.47
71.78,-70.41,-157.47
71.78,-70.40,-157.47
71.77,-70.39,-157.48
71.79,-70.38,-157.50
71.79,-70.37,-157.51
71.79,-70.36,-157.52
71.79,-70.35,-157.52
71.78,-70.34,-157.52
71.79,-70.32,-157.54
71.79,-70.31,-157.53
71.78,-70.30,-157.53
71.79,-70.29,-157.54
71.79,-70.28,-157.54
71.80,-70.26,-157.56
71.80,-70.25,-157.56
71.81,-70.24,-157.58
71.81,-70.23,-157.58
71.81,-70.22,-157.59
71.80,-70.21,-157.59
71.80,-70.20,-157.59
71.80,-70.20,-157.59
71.85,-70.15,-157.64
71.84,-70.14,-157.64
71.77,-70.19,-157.57
71.84,-70.12,-157.64
71.89,-70.06,-157.70
71.84,-70.09,-157.65
71.87,-70.06,-157.68
71.89,-70.05,-157.70
71.89,-70.03,-157.71
71.85,-70.06,-157.67
71.85,-70.05,-157.67
71.90,-70.00,-157.72
71.93,-69.98,-157.76
71.91,-69.98,-157.74
71.92,-69.97,-157.74
71.90,-69.97,-157.73
71.90,-69.96,-157.73
71.90,-69.94,-157.75
71.93,-69.92,-157.77
71.91,-69.92,-157.77
71.92,-69.90,-157.77
71.91,-69.90,-157.77
71.93,-69.89,-157.80
71.95,-69.87,-157.82
71.97,-69.85,-157.84
71.95,-69.85,-157.83
71.96,-69.84,-157.84
71.97,-69.82,-157.85
71.97,-69.81,-157.86
71.97,-69.81,-157.86
71.98,-69.81,-157.87
71.98,-69.79,-157.88
72.01,-69.76,-157.91
72.00,-69.76,-157.90
72.00,-69.75,-157.90
72.01,-69.73,-157.92
72.01,-69.72,-157.93
72.00,-69.72,-157.92
72.01,-69.70,-157.93
72.01,-69.70,-157.94
72.02,-69.69,-157.95
72.03,-69.69,-157.97
72.05,-69.67,-157.99
72.07,-69.65,-158.01
72.07,-69.64,-158.01
72.07,-69.64,-158.02
72.07,-69.63,-158.02
72.08,-69.61,-158.04
72.10,-69.59,-158.06
72.09,-69.58,-158.06
72.09,-69.57,-158.06
72.08,-69.56,-158.06
72.07,-69.55,-158.05
72.07,-69.55,-158.04
72.08,-69.54,-158.05
72.09,-69.52,-158.07
72.09,-69.51,-158.07
72.10,-69.50,-158.08
72.10,-69.49,-158.08
72.11,-69.49,-158.09
72.11,-69.48,-158.10
72.11,-69.46,-158.10
72.12,-69.46,-158.12
72.12,-69.45,-158.12
72.13,-69.44,-158.13
72.15,-69.43,-158.15
72.16,-69.43,-158.16
72.17,-69.42,-158.18
72.18,-69.41,-158.18
72.19,-69.40,-158.20
72.21,-69.38,-158.21
72.20,-69.37,-158.22
72.20,-69.37,-158.21
72.20,-69.36,-158.21
72.21,-69.35,-158.23
72.22,-69.34,-158.24
72.22,-69.33,-158.25
72.23,-69.32,-158.26
72.24,-69.31,-158.26
72.24,-69.30,-158.27
72.24,-69.29,-158.26
72.24,-69.28,-158.27
72.25,-69.27,-158.28
72.26,-69.26,-158.29
72.25,-69.26,-158.28
72.25,-69.24,-158.29
72.25,-69.22,-158.29
72.25,-69.22,-158.29
72.26,-69.21,-158.30
72.26,-69.20,-158.31
72.26,-69.19,-158.31
72.26,-69.18,-158.31
72.26,-69.17,-158.32
72.27,-69.16,-158.33
72.29,-69.16,-158.35
72.28,-69.15,-158.34
72.56,-68.80,-158.65
72.58,-68.79,-158.66
72.58,-68.78,-158.66
72.59,-68.78,-158.67
72.60,-68.76,-158.68
72.61,-68.75,-158.69
72.60,-68.74,-158.68
72.60,-68.73,-158.69
72.61,-68.72,-158.70
72.61,-68.71,-158.71
72.62,-68.70,-158.72
72.63,-68.69,-158.74
72.63,-68.68,-158.74
72.64,-68.67,-158.74
72.64,-68.66,-158.75
72.64,-68.64,-158.75
72.65,-68.63,-158.76
72.66,-68.62,-158.77
72.66,-68.61,-158.78
72.67,-68.60,-158.80
72.67,-68.59,-158.80
72.68,-68.58,-158.81
72.69,-68.57,-158.82
72.71,-68.56,-158.84
72.71,-68.56,-158.85
72.72,-68.55,-158.86
72.73,-68.54,-158.87
72.74,-68.52,-158.88
72.74,-68.51,-158.89
72.76,-68.50,-158.90
72.76,-68.49,-158.90
72.76,-68.48,-158.91
