0.00,0.00,0.00
0.02,0.02,0.00
0.05,0.07,0.01
0.04,0.08,0.01
0.06,0.08,0.01
0.06,0.09,0.01
0.08,0.10,-1.34
0.10,0.12,-2.70
0.11,0.13,-4.06
0.12,0.14,-5.42
0.13,0.18,-6.79
0.12,0.18,-8.16
0.13,0.19,-9.53
0.15,0.19,-10.90
0.14,0.22,-12.28
0.12,0.22,-13.65
0.14,0.22,-15.02
0.13,0.22,-16.39
0.14,0.22,-17.82
0.15,0.22,-19.18
0.16,0.22,-20.54
0.17,0.22,-21.89
0.15,0.22,-23.24
0.16,0.22,-24.58
0.16,0.25,-25.91
0.17,0.27,-27.23
0.18,0.27,-28.54
0.16,0.26,-29.85
0.17,0.26,-31.14
0.15,0.28,-32.43
0.16,0.28,-33.70
0.14,0.27,-34.96
0.15,0.29,-36.21
0.16,0.29,-37.45
0.17,0.29,-38.67
0.17,0.28,-39.88
0.16,0.28,-41.08
0.15,0.27,-42.26
0.15,0.27,-43.42
0.16,0.24,-44.57
0.19,0.22,-45.71
0.17,0.22,-46.83
0.15,0.22,-47.94
0.16,0.20,-49.03
0.15,0.20,-50.10
0.15,0.22,-51.15
0.19,0.23,-52.19
0.19,0.23,-53.22
0.20,0.23,-54.23
0.20,0.24,-55.22
0.21,0.23,-56.19
0.21,0.25,-57.15
0.21,0.30,-58.09
0.19,0.29,-59.02
0.20,0.28,-59.93
0.18,0.30,-60.82
0.16,0.29,-61.69
0.19,0.31,-62.55
0.17,0.30,-63.39
0.18,0.29,-64.21
0.19,0.29,-65.03
0.19,0.28,-65.82
0.20,0.30,-66.60
0.18,0.27,-67.37
0.16,0.31,-68.13
0.15,0.30,-68.86
0.16,0.29,-69.58
0.16,0.29,-70.28
0.17,0.30,-70.97
0.16,0.34,-71.65
0.17,0.35,-72.31
0.15,0.36,-72.95
0.17,0.37,-73.60
0.17,0.35,-74.22
0.18,0.34,-74.83
0.19,0.36,-75.42
0.19,0.37,-76.00
0.20,0.33,-76.58
0.20,0.32,-77.14
0.21,0.32,-77.69
0.21,0.29,-78.22
0.21,0.28,-78.74
0.21,0.27,-79.24
0.19,0.27,-79.75
0.20,0.27,-80.24
0.20,0.26,-80.72
0.18,0.26,-81.18
0.19,0.26,-81.64
0.18,0.28,-82.09
0.18,0.28,-82.52
0.19,0.29,-82.95
0.17,0.31,-83.36
0.18,0.30,-83.77
0.19,0.32,-84.16
0.17,0.33,-84.54
0.18,0.32,-84.92
0.18,0.33,-85.28
0.20,0.29,-85.64
0.19,0.31,-86.00
0.19,0.30,-86.34
0.20,0.31,-86.68
0.18,0.31,-87.01
0.21,0.30,-87.33
0.21,0.30,-87.65
0.22,0.27,-87.97
0.22,0.26,-88.27
0.23,0.24,-88.57
0.21,0.24,-88.86
0.21,0.23,-89.14
0.21,0.23,-89.41
0.21,0.24,-89.67
0.21,0.23,-89.94
0.21,0.23,-90.18
0.22,0.23,-90.43
0.20,0.25,-90.67
0.20,0.25,-90.90
0.18,0.23,-91.14
0.19,0.23,-91.36
0.19,0.23,-91.58
0.20,0.25,-91.80
0.21,0.24,-92.01
0.21,0.24,-92.21
0.21,0.24,-92.41
0.21,0.24,-92.60
0.22,0.24,-92.79
0.22,0.24,-92.98
0.20,0.24,-93.16
0.21,0.26,-93.34
0.21,0.26,-93.51
0.19,0.28,-93.68
0.17,0.27,-93.84
0.16,0.26,-94.00
0.16,0.24,-94.15
0.15,0.23,-94.30
0.16,0.23,-94.45
0.14,0.23,-94.60
0.15,0.25,-94.74
0.14,0.27,-94.87
0.17,0.27,-95.02
0.20,0.28,-95.15
0.20,0.28,-95.29
0.21,0.27,-95.42
0.21,0.27,-95.55
0.22,0.27,-95.68
0.22,0.24,-95.80
0.20,0.24,-95.92
0.20,0.21,-96.04
0.21,0.21,-96.15
0.21,0.22,-96.26
0.19,0.22,-96.37
0.19,0.25,-96.47
0.20,0.22,-96.57
0.18,0.22,-96.66
0.17,0.24,-96.75
0.18,0.24,-96.84
0.16,0.23,-96.94
0.17,0.23,-97.02
0.17,0.25,-97.11
0.18,0.25,-97.20
0.19,0.24,-97.28
0.19,0.24,-97.36
0.19,0.26,-97.44
0.20,0.28,-97.52
0.18,0.28,-97.59
0.16,0.27,-97.66
0.15,0.29,-97.73
0.16,0.28,-97.80
0.17,0.25,-97.86
0.15,0.25,-97.92
0.16,0.25,-97.99
0.17,0.25,-98.05
0.18,0.24,-98.10
0.19,0.22,-98.16
0.17,0.22,-98.22
0.17,0.24,-98.27
0.18,0.24,-98.32
0.17,0.27,-98.38
0.18,0.26,-98.42
0.18,0.25,-98.47
0.16,0.25,-98.52
0.17,0.25,-98.57
0.18,0.27,-98.62
0.18,0.27,-98.67
0.19,0.29,-98.72
0.17,0.26,-98.77
0.17,0.26,-98.81
0.18,0.25,-98.85
0.16,0.25,-98.89
0.17,0.25,-98.93
0.18,0.22,-98.97
0.19,0.22,-99.00
0.19,0.23,-99.04
0.17,0.23,-99.07
0.18,0.21,-99.10
0.19,0.24,-99.13
0.21,0.24,-99.16
0.21,0.24,-99.19
0.20,0.26,-99.22
0.20,0.25,-99.26
0.23,0.25,-99.29
0.21,0.25,-99.32
0.19,0.27,-99.35
0.17,0.26,-99.38
0.17,0.26,-99.41
0.18,0.26,-99.44
0.18,0.28,-99.47
0.16,0.27,-99.49
0.17,0.27,-99.52
0.18,0.26,-99.55
0.16,0.28,-99.57
0.15,0.28,-99.59
0.13,0.27,-99.61
0.12,0.31,-99.63
0.14,0.28,-99.65
0.15,0.30,-99.67
0.15,0.29,-99.69
0.16,0.29,-99.71
0.15,0.31,-99.73
0.16,0.30,-99.75
0.15,0.27,-99.76
0.16,0.29,-99.78
0.17,0.31,-99.80
0.15,0.28,-99.82
0.16,0.29,-99.84
0.14,0.29,-99.86
0.15,0.31,-99.87
0.13,0.30,-99.89
0.14,0.32,-99.91
0.13,0.33,-99.92
0.12,0.34,-99.93
0.13,0.35,-99.94
0.12,0.34,-99.96
0.13,0.35,-99.97
0.14,0.37,-99.98
0.13,0.35,-100.00
0.15,0.36,-100.01
0.13,0.33,-100.03
0.12,0.32,-100.04
0.13,0.33,-100.06
0.12,0.32,-100.07
0.11,0.34,-100.08
0.10,0.32,-100.10
0.12,0.34,-100.11
0.13,0.35,-100.12
0.14,0.36,-100.14
0.15,0.35,-100.15
0.16,0.32,-100.15
0.14,0.31,-100.15
0.15,0.28,-100.16
0.14,0.27,-100.16
0.15,0.27,-100.16
0.15,0.29,-100.17
0.16,0.31,-100.18
0.19,0.30,-100.19
0.20,0.29,-100.20
0.18,0.28,-100.21
0.18,0.28,-100.22
0.19,0.26,-100.24
0.17,0.26,-100.24
0.17,0.25,-100.24
0.18,0.25,-100.24
0.18,0.25,-100.25
0.19,0.27,-100.25
0.19,0.27,-100.26
0.22,0.29,-100.26
0.22,0.29,-100.26
0.22,0.28,-100.27
0.22,0.30,-100.27
0.23,0.29,-100.27
0.23,0.31,-100.28
0.23,0.30,-100.29
0.23,0.32,-100.30
0.23,0.33,-100.31
0.23,0.32,-100.32
0.21,0.31,-100.33
0.19,0.30,-100.34
0.17,0.30,-100.35
0.18,0.29,-100.35
0.17,0.28,-100.36
0.15,0.28,-100.37
0.16,0.27,-100.37
0.17,0.29,-100.38
0.15,0.30,-100.38
0.13,0.30,-100.38
0.12,0.29,-100.38
0.11,0.31,-100.38
0.13,0.32,-100.38
0.14,0.31,-100.38
0.15,0.32,-100.38
0.16,0.34,-100.37
0.14,0.32,-100.37
0.15,0.31,-100.37
0.16,0.30,-100.38
0.17,0.32,-100.38
0.17,0.33,-100.38
0.18,0.32,-100.39
0.19,0.31,-100.40
0.19,0.30,-100.40
0.22,0.32,-100.41
0.22,0.33,-100.42
0.22,0.33,-100.41
0.25,0.32,-100.41
0.22,0.30,-100.42
0.20,0.30,-100.41
0.18,0.29,-100.41
0.17,0.26,-100.41
0.17,0.23,-100.41
0.20,0.23,-100.41
0.21,0.20,-100.42
0.23,0.21,-100.42
0.21,0.21,-100.42
0.19,0.19,-100.42
0.17,0.22,-100.43
0.18,0.22,-100.43
0.16,0.24,-100.43
0.17,0.25,-100.43
0.15,0.24,-100.43
0.16,0.24,-100.43
0.16,0.26,-100.43
0.17,0.26,-100.43
0.16,0.28,-100.42
0.16,0.27,-100.42
0.17,0.29,-100.41
0.16,0.29,-100.41
0.14,0.28,-100.41
0.15,0.30,-100.42
0.16,0.29,-100.42
0.17,0.28,-100.43
0.15,0.30,-100.43
0.16,0.29,-100.43
0.17,0.29,-100.43
0.18,0.30,-100.44
0.21,0.32,-100.44
0.21,0.31,-100.44
0.21,0.28,-100.44
0.22,0.27,-100.44
0.22,0.29,-100.45
0.22,0.28,-100.45
0.22,0.25,-100.45
0.20,0.25,-100.45
0.20,0.25,-100.45
0.21,0.25,-100.45
0.21,0.24,-100.45
0.21,0.25,-100.45
0.22,0.27,-100.45
0.22,0.27,-100.45
0.22,0.29,-100.45
0.20,0.31,-100.45
0.18,0.32,-100.45
0.18,0.31,-100.45
0.19,0.32,-100.46
0.20,0.31,-100.46
0.20,0.31,-100.46
0.20,0.30,-100.46
0.23,0.27,-100.46
0.23,0.27,-100.47
0.23,0.27,-100.47
0.23,0.26,-100.48
0.23,0.26,-100.48
0.23,0.26,-100.48
0.24,0.25,-100.48
0.24,0.23,-100.48
0.24,0.22,-100.48
0.24,0.25,-100.48
0.24,0.27,-100.48
0.24,0.25,-100.49
0.26,0.24,-100.49
0.26,0.24,-100.50
0.26,0.25,-100.50
0.26,0.24,-100.50
0.26,0.24,-100.50
0.25,0.24,-100.51
0.25,0.24,-100.51
0.25,0.24,-100.51
0.25,0.24,-100.51
0.25,0.21,-100.51
0.25,0.19,-100.51
0.24,0.21,-100.51
0.24,0.24,-100.51
0.24,0.24,-100.50
0.24,0.24,-100.50
0.24,0.26,-100.50
0.24,0.28,-100.49
0.24,0.27,-100.49
0.24,0.27,-100.49
0.24,0.26,-100.49
0.24,0.26,-100.49
0.24,0.25,-100.48
0.24,0.25,-100.48
0.24,0.22,-100.48
0.21,0.23,-100.49
0.22,0.21,-100.50
0.22,0.21,-100.50
0.20,0.21,-100.50
0.18,0.24,-100.51
0.19,0.24,-100.51
0.19,0.21,-100.51
0.19,0.24,-100.51
0.20,0.24,-100.51
0.21,0.24,-100.52
0.21,0.26,-100.52
0.21,0.25,-100.52
0.22,0.25,-100.52
0.19,0.25,-100.52
0.20,0.24,-100.52
0.17,0.24,-100.52
0.16,0.24,-100.52
0.19,0.21,-100.53
0.17,0.23,-100.53
0.18,0.23,-100.53
0.18,0.23,-100.53
0.21,0.23,-100.53
0.19,0.25,-100.53
0.20,0.25,-100.53
0.21,0.24,-100.53
0.21,0.26,-100.53
0.19,0.26,-100.52
0.19,0.28,-100.52
0.17,0.30,-100.52
0.18,0.29,-100.52
0.18,0.28,-100.52
0.17,0.27,-100.52
0.18,0.27,-100.53
0.18,0.29,-100.53
0.16,0.29,-100.53
0.15,0.28,-100.53
0.14,0.29,-100.54
0.12,0.29,-100.54
0.13,0.30,-100.54
0.14,0.27,-100.55
0.13,0.29,-100.55
0.14,0.28,-100.54
0.15,0.28,-100.55
0.14,0.30,-100.55
0.12,0.29,-100.56
0.11,0.28,-100.56
0.13,0.28,-100.56
0.14,0.27,-100.56
0.15,0.27,-100.57
0.16,0.29,-100.56
0.16,0.28,-100.56
0.15,0.27,-100.56
0.16,0.27,-100.56
0.14,0.26,-100.57
0.12,0.29,-100.57
0.13,0.28,-100.57
0.14,0.25,-100.57
0.15,0.27,-100.58
0.16,0.24,-100.58
0.14,0.24,-100.58
0.13,0.26,-100.57
0.14,0.26,-100.56
0.15,0.24,-100.56
0.13,0.24,-100.55
0.15,0.24,-100.56
0.15,0.24,-100.55
0.14,0.24,-100.55
0.12,0.26,-100.54
0.14,0.25,-100.54
0.15,0.25,-100.53
0.13,0.25,-100.53
0.14,0.25,-100.53
0.15,0.25,-100.53
0.15,0.25,-100.54
0.16,0.25,-100.54
0.17,0.24,-100.54
0.18,0.27,-100.54
0.18,0.29,-100.54
0.16,0.28,-100.54
0.17,0.30,-100.55
0.18,0.31,-100.55
0.16,0.32,-100.55
0.15,0.32,-100.55
0.16,0.31,-100.56
0.17,0.30,-100.56
0.18,0.29,-100.55
0.16,0.28,-100.55
0.17,0.30,-100.55
0.18,0.29,-100.55
0.16,0.31,-100.56
0.17,0.30,-100.56
0.20,0.29,-100.55
0.20,0.29,-100.55
0.23,0.28,-100.55
0.23,0.28,-100.55
0.21,0.29,-100.55
0.19,0.29,-100.55
0.17,0.28,-100.55
0.18,0.28,-100.55
0.16,0.28,-100.55
0.14,0.27,-100.55
0.15,0.27,-100.54
0.16,0.26,-100.54
0.17,0.26,-100.54
0.18,0.28,-100.54
0.16,0.28,-100.53
0.17,0.27,-100.53
0.15,0.27,-100.52
0.16,0.27,-100.53
0.15,0.29,-100.54
0.16,0.30,-100.54
0.16,0.32,-100.54
0.15,0.31,-100.54
0.14,0.32,-100.54
0.14,0.29,-100.54
0.13,0.31,-100.54
0.11,0.30,-100.53
0.13,0.29,-100.52
0.12,0.28,-100.52
0.13,0.28,-100.51
0.14,0.27,-100.50
0.15,0.27,-100.50
0.16,0.26,-100.49
0.17,0.28,-100.49
0.18,0.25,-100.49
0.18,0.23,-100.50
0.19,0.25,-100.50
0.19,0.27,-100.49
0.20,0.27,-100.50
0.18,0.24,-100.49
0.18,0.24,-100.50
0.21,0.22,-100.50
0.21,0.24,-100.51
0.21,0.26,-100.51
0.19,0.28,-100.51
0.19,0.28,-100.50
0.17,0.25,-100.50
0.18,0.22,-100.51
0.19,0.20,-100.52
0.19,0.22,-100.51
0.20,0.22,-100.51
0.20,0.22,-100.53
0.20,0.24,-100.52
0.18,0.24,-100.52
0.19,0.24,-100.51
0.17,0.20,-100.52
0.15,0.20,-100.53
0.16,0.25,-100.53
0.17,0.27,-100.53
0.17,0.26,-100.53
0.18,0.23,-100.52
0.19,0.21,-100.54
0.17,0.23,-100.54
0.17,0.25,-100.54
0.16,0.27,-100.52
0.17,0.25,-100.52
0.18,0.25,-100.53
0.18,0.25,-100.53
0.19,0.25,-100.54
0.17,0.25,-100.53
0.18,0.27,-100.52
0.21,0.27,-100.52
0.21,0.28,-100.53
0.21,0.30,-100.52
0.19,0.30,-100.52
0.19,0.27,-100.53
0.17,0.26,-100.53
0.18,0.26,-100.54
0.16,0.28,-100.55
0.17,0.30,-100.55
0.17,0.32,-100.54
0.16,0.31,-100.54
0.17,0.31,-100.55
0.17,0.30,-100.56
0.15,0.29,-100.55
0.14,0.31,-100.55
0.14,0.33,-100.54
0.15,0.32,-100.54
0.16,0.31,-100.54
0.17,0.30,-100.54
0.20,0.31,-100.54
0.20,0.33,-100.53
0.21,0.32,-100.54
0.21,0.33,-100.54
0.21,0.32,-100.55
0.21,0.34,-100.55
0.21,0.32,-100.54
0.20,0.31,-100.54
0.20,0.31,-100.54
0.23,0.32,-100.54
0.23,0.31,-100.54
0.23,0.30,-100.53
0.23,0.30,-100.53
0.23,0.31,-100.52
0.24,0.30,-100.53
0.21,0.30,-100.52
0.21,0.29,-100.52
0.21,0.31,-100.51
0.22,0.30,-100.52
0.20,0.29,-100.52
0.18,0.29,-100.51
0.18,0.28,-100.52
0.37,-1.37,-98.47
-0.04,3.08,-97.90
-1.66,6.07,-95.74
-1.73,5.37,-94.21
-1.40,6.35,-93.02
-0.83,4.62,-92.07
-0.98,1.86,-90.85
-1.27,0.93,-89.21
-1.63,0.06,-85.36
-1.34,-0.30,-83.48
-0.95,-1.09,-81.49
-0.90,-2.75,-79.69
0.40,-3.01,-78.55
1.22,-2.28,-77.39
0.76,-2.28,-75.72
0.32,-2.74,-74.73
0.29,-3.82,-74.15
0.62,-4.75,-73.57
1.12,-5.83,-73.34
1.61,-6.89,-73.88
2.36,-8.43,-75.25
4.85,-9.21,-78.60
7.24,-10.61,-81.25
9.47,-12.38,-84.17
12.06,-13.06,-87.26
12.83,-15.44,-90.23
16.35,-15.91,-94.89
19.19,-17.33,-99.34
18.20,-17.70,-102.82
20.45,-17.28,-107.17
22.09,-17.43,-111.40
20.29,-14.14,-113.67
20.32,-11.31,-117.02
19.06,-9.12,-119.72
15.84,-5.96,-121.37
12.39,-2.66,-122.31
11.20,1.49,-124.00
10.40,3.48,-125.74
7.80,5.14,-126.99
5.37,7.85,-126.84
3.22,10.86,-126.48
1.58,12.74,-126.34
-1.08,14.84,-125.96
-3.30,16.58,-125.46
-5.61,17.84,-124.79
-7.93,19.55,-123.01
-8.66,20.28,-120.87
-9.36,20.96,-119.11
-10.92,20.84,-118.31
-12.27,19.20,-117.16
-12.46,17.14,-115.75
-8.67,15.79,-114.93
-5.32,17.11,-113.93
-5.42,19.86,-113.44
-7.07,21.61,-112.09
-5.75,21.49,-108.95
-4.73,22.88,-104.63
-3.60,25.59,-99.32
-2.69,25.70,-92.86
-2.59,24.20,-86.74
-1.49,22.29,-82.02
-2.43,19.58,-78.68
-3.17,17.21,-76.12
-3.36,15.01,-73.83