0.00,0.00,-0.00
0.02,-0.00,-0.00
0.06,-0.00,0.00
0.10,-0.02,0.00
0.08,-0.02,0.00
0.09,-0.04,-0.00
0.11,-0.04,-1.38
0.10,-0.05,-2.75
0.08,-0.05,-4.13
0.10,-0.06,-5.50
0.11,-0.05,-6.88
0.12,-0.05,-8.26
0.13,-0.04,-9.63
0.13,-0.04,-11.00
0.14,-0.06,-12.37
0.12,-0.07,-13.73
0.13,-0.09,-15.09
0.14,-0.08,-16.45
0.15,-0.07,-17.87
0.16,-0.07,-19.21
0.16,-0.06,-20.55
0.15,-0.05,-21.87
0.15,-0.07,-23.19
0.16,-0.06,-24.50
0.16,-0.06,-25.80
0.17,-0.05,-27.09
0.20,-0.04,-28.36
0.20,-0.06,-29.62
0.22,-0.08,-30.87
0.22,-0.07,-32.11
0.19,-0.08,-33.33
0.19,-0.10,-34.54
0.19,-0.09,-35.74
0.19,-0.10,-36.92
0.19,-0.09,-38.09
0.20,-0.09,-39.25
0.20,-0.08,-40.38
0.20,-0.09,-41.51
0.20,-0.08,-42.62
0.21,-0.07,-43.71
0.20,-0.07,-44.78
0.21,-0.06,-45.84
0.21,-0.07,-46.88
0.21,-0.09,-47.90
0.21,-0.06,-48.91
0.21,-0.05,-49.90
0.21,-0.07,-50.88
0.21,-0.06,-51.84
0.23,-0.05,-52.78
0.25,-0.04,-53.71
0.25,-0.06,-54.62
0.24,-0.05,-55.51
0.24,-0.05,-56.38
0.24,-0.04,-57.24
0.24,-0.04,-58.08
0.24,-0.03,-58.91
0.23,-0.03,-59.72
0.23,-0.02,-60.51
0.23,0.00,-61.28
0.23,-0.02,-62.05
0.22,0.01,-62.80
0.22,0.01,-63.53
0.22,-0.02,-64.24
0.22,-0.01,-64.94
0.19,-0.01,-65.63
0.17,-0.03,-66.30
0.20,-0.05,-66.97
0.20,-0.05,-67.61
0.22,-0.07,-68.25
0.22,-0.08,-68.87
0.20,-0.08,-69.48
0.22,-0.07,-70.07
0.22,-0.06,-70.65
0.22,-0.06,-71.22
0.22,-0.05,-71.78
0.22,-0.05,-72.32
0.24,-0.04,-72.86
0.21,-0.02,-73.38
0.19,-0.04,-73.88
0.17,-0.04,-74.38
0.17,-0.06,-74.85
0.18,-0.05,-75.33
0.16,-0.03,-75.79
0.14,-0.02,-76.24
0.15,-0.02,-76.69
0.15,-0.01,-77.13
0.16,0.01,-77.55
0.16,-0.02,-77.96
0.16,-0.02,-78.36
0.17,-0.02,-78.76
0.19,-0.04,-79.15
0.16,-0.04,-79.53
0.17,-0.05,-79.90
0.17,-0.07,-80.27
0.18,-0.08,-80.62
0.18,-0.07,-80.97
0.19,-0.06,-81.31
0.19,-0.06,-81.65
0.17,-0.08,-81.97
0.18,-0.07,-82.28
0.18,-0.04,-82.59
0.21,-0.04,-82.89
0.19,-0.03,-83.18
0.19,-0.05,-83.46
0.21,-0.07,-83.74
0.21,-0.06,-84.01
0.19,-0.06,-84.28
0.19,-0.07,-84.54
0.17,-0.09,-84.79
0.15,-0.05,-85.04
0.16,-0.05,-85.27
0.17,-0.09,-85.51
0.15,-0.11,-85.74
0.13,-0.14,-85.95
0.14,-0.17,-86.17
0.13,-0.18,-86.39
0.14,-0.13,-86.59
0.17,-0.12,-86.80
0.20,-0.11,-87.00
0.19,-0.10,-87.19
0.17,-0.08,-87.38
0.18,-0.07,-87.56
0.18,-0.05,-87.75
0.18,-0.04,-87.92
0.18,-0.03,-88.09
0.19,-0.03,-88.26
0.16,-0.05,-88.42
0.15,-0.04,-88.58
0.17,-0.02,-88.73
0.18,-0.03,-88.89
0.18,-0.05,-89.03
0.18,-0.03,-89.17
0.18,-0.04,-89.31
0.21,-0.06,-89.46
0.23,-0.06,-89.59
0.23,-0.05,-89.72
0.23,-0.04,-89.85
0.21,-0.04,-89.98
0.21,-0.04,-90.10
0.21,-0.01,-90.22
0.21,-0.03,-90.33
0.18,-0.01,-90.45
0.16,-0.03,-90.56
0.17,-0.05,-90.67
0.17,-0.07,-90.77
0.17,-0.04,-90.87
0.18,-0.04,-90.97
0.18,-0.03,-91.07
0.18,-0.03,-91.17
0.16,-0.03,-91.26
0.17,-0.02,-91.35
0.17,-0.04,-91.45
0.15,-0.04,-91.54
0.15,-0.04,-91.63
0.16,-0.04,-91.71
0.15,-0.03,-91.80
0.18,-0.05,-91.88
0.18,-0.05,-91.95
0.19,-0.06,-92.02
0.19,-0.03,-92.09
0.19,-0.06,-92.15
0.20,-0.07,-92.21
0.20,-0.04,-92.29
0.18,-0.03,-92.36
0.18,-0.02,-92.44
0.16,-0.02,-92.50
0.16,0.00,-92.57
0.14,-0.02,-92.63
0.15,-0.04,-92.69
0.15,-0.04,-92.75
0.16,-0.06,-92.81
0.16,-0.08,-92.87
0.16,-0.07,-92.92
0.14,-0.06,-92.98
0.15,-0.05,-93.03
0.15,-0.06,-93.08
0.16,-0.06,-93.13
0.16,-0.05,-93.18
0.17,-0.05,-93.22
0.17,-0.04,-93.27
0.18,-0.04,-93.31
0.18,-0.06,-93.35
0.18,-0.05,-93.39
0.18,-0.04,-93.43
0.18,-0.04,-93.46
0.18,-0.03,-93.50
0.18,-0.03,-93.54
0.19,-0.05,-93.58
0.21,-0.04,-93.62
0.21,-0.06,-93.66
0.21,-0.10,-93.70
0.21,-0.09,-93.73
0.21,-0.11,-93.77
0.19,-0.12,-93.80
0.19,-0.15,-93.83
0.20,-0.14,-93.86
0.20,-0.14,-93.90
0.20,-0.15,-93.92
0.20,-0.15,-93.95
0.20,-0.14,-93.98
0.20,-0.15,-94.00
0.18,-0.13,-94.03
0.18,-0.09,-94.05
0.19,-0.11,-94.08
0.19,-0.10,-94.10
0.19,-0.06,-94.12
0.22,-0.08,-94.13
0.20,-0.07,-94.15
0.18,-0.07,-94.17
0.16,-0.04,-94.19
0.17,-0.03,-94.21
0.16,-0.03,-94.23
0.16,-0.03,-94.25
0.14,-0.02,-94.27
0.12,-0.02,-94.29
0.14,0.01,-94.31
0.15,0.01,-94.33
0.15,-0.01,-94.35
0.16,-0.03,-94.36
0.16,-0.05,-94.38
0.16,-0.04,-94.39
0.15,-0.04,-94.41
0.15,-0.03,-94.43
0.16,-0.01,-94.44
0.14,-0.01,-94.46
0.15,-0.01,-94.47
0.13,-0.03,-94.48
0.14,-0.03,-94.50
0.15,-0.02,-94.51
0.16,-0.06,-94.52
0.16,-0.08,-94.53
0.15,-0.07,-94.54
0.15,-0.08,-94.55
0.16,-0.10,-94.56
0.14,-0.09,-94.57
0.14,-0.08,-94.58
0.15,-0.07,-94.59
0.16,-0.06,-94.60
0.18,-0.06,-94.61
0.18,-0.05,-94.62
0.18,-0.04,-94.63
0.18,-0.04,-94.63
0.19,-0.06,-94.65
0.19,-0.08,-94.66
0.17,-0.09,-94.66
0.17,-0.08,-94.66
0.17,-0.07,-94.67
0.15,-0.11,-94.68
0.16,-0.17,-94.69
0.16,-0.17,-94.71
0.19,-0.13,-94.72
0.17,-0.11,-94.73
0.20,-0.10,-94.74
0.22,-0.11,-94.74
0.22,-0.13,-94.75
0.24,-0.12,-94.76
0.24,-0.11,-94.77
0.24,-0.10,-94.77
0.21,-0.11,-94.77
0.21,-0.13,-94.78
0.21,-0.12,-94.79
0.21,-0.08,-94.79
0.23,-0.05,-94.80
0.23,-0.07,-94.81
0.20,-0.09,-94.81
0.21,-0.10,-94.82
0.21,-0.09,-94.82
0.21,-0.09,-94.82
0.19,-0.08,-94.83
0.19,-0.07,-94.84
0.19,-0.06,-94.84
0.19,-0.08,-94.85
0.19,-0.08,-94.85
0.19,-0.07,-94.87
0.17,-0.08,-94.87
0.15,-0.07,-94.87
0.16,-0.07,-94.88
0.19,-0.04,-94.88
0.22,-0.01,-94.88
0.19,-0.01,-94.88
0.17,0.01,-94.89
0.18,0.04,-94.89
0.17,0.03,-94.90
0.17,0.03,-94.91
0.15,0.00,-94.91
0.16,0.00,-94.92
0.19,-0.02,-94.92
0.19,-0.01,-94.93
0.19,-0.02,-94.94
0.22,-0.02,-94.94
0.19,-0.04,-94.95
0.18,-0.01,-94.96
0.18,-0.01,-94.96
0.18,-0.01,-94.96
0.19,-0.03,-94.96
0.19,-0.00,-94.96
0.22,-0.00,-94.97
0.22,-0.02,-94.97
0.20,-0.05,-94.96
0.20,-0.06,-94.96
0.20,-0.06,-94.97
0.20,-0.05,-94.98
0.20,-0.07,-94.99
0.20,-0.06,-94.99
0.20,-0.05,-95.00
0.21,-0.05,-95.00
0.19,-0.03,-95.00
0.16,-0.03,-95.00
0.17,-0.02,-95.00
0.15,-0.02,-95.00
0.13,-0.04,-95.01
0.14,-0.03,-95.01
0.12,-0.03,-95.02
0.11,-0.05,-95.02
0.12,-0.10,-95.02
0.13,-0.09,-95.02
0.14,-0.08,-95.02
0.15,-0.05,-95.03
0.13,-0.07,-95.03
0.14,-0.06,-95.03
0.12,-0.08,-95.03
0.14,-0.09,-95.03
0.14,-0.08,-95.03
0.15,-0.07,-95.03
0.14,-0.07,-95.04
0.15,-0.06,-95.04
0.13,-0.06,-95.04
0.12,-0.03,-95.04
0.13,-0.05,-95.05
0.14,-0.07,-95.05
0.15,-0.07,-95.05
0.13,-0.06,-95.04
0.16,-0.11,-95.04
0.16,-0.10,-95.04
0.17,-0.11,-95.04
0.18,-0.10,-95.05
0.18,-0.12,-95.05
0.19,-0.11,-95.05
0.19,-0.12,-95.04
0.19,-0.13,-95.04
0.21,-0.12,-95.05
0.19,-0.08,-95.04
0.19,-0.07,-95.05
0.17,-0.07,-95.05
0.18,-0.05,-95.05
0.18,-0.05,-95.06
0.18,-0.04,-95.07
0.16,-0.03,-95.07
0.15,-0.03,-95.07
0.18,-0.03,-95.07
0.18,-0.02,-95.07
0.15,0.00,-95.07
0.16,-0.02,-95.07
0.16,-0.05,-95.07
0.15,-0.02,-95.08
0.15,-0.04,-95.08
0.13,-0.03,-95.09
0.14,-0.05,-95.09
0.13,-0.04,-95.09
0.14,-0.06,-95.09
0.15,-0.04,-95.09
0.15,-0.05,-95.10
0.16,-0.03,-95.10
0.17,-0.02,-95.10
0.18,-0.02,-95.11
0.15,-0.02,-95.10
0.16,-0.02,-95.10
0.17,-0.04,-95.11
0.15,-0.06,-95.11
0.16,-0.05,-95.11
0.16,-0.02,-95.11
0.17,-0.04,-95.12
0.15,-0.06,-95.11
0.15,-0.05,-95.11
0.16,-0.04,-95.11
0.17,-0.04,-95.10
0.17,-0.06,-95.09
0.17,-0.07,-95.09
0.20,-0.07,-95.08
0.20,-0.06,-95.08
0.20,-0.08,-95.07
0.18,-0.07,-95.07
0.18,-0.08,-95.07
0.16,-0.07,-95.07
0.17,-0.08,-95.07
0.17,-0.10,-95.07
0.18,-0.09,-95.07
0.18,-0.08,-95.07
0.16,-0.10,-95.06
0.14,-0.11,-95.06
0.15,-0.10,-95.06
0.15,-0.09,-95.05
0.16,-0.10,-95.05
0.17,-0.12,-95.05
0.17,-0.10,-95.04
0.18,-0.09,-95.04
0.18,-0.08,-95.05
0.19,-0.07,-95.05
0.20,-0.06,-95.05
0.19,-0.05,-95.06
0.22,-0.06,-95.07
0.24,-0.07,-95.07
0.24,-0.06,-95.07
0.24,-0.06,-95.07
0.24,-0.06,-95.08
0.25,-0.05,-95.07
0.25,-0.04,-95.08
0.25,-0.06,-95.07
0.22,-0.07,-95.07
0.24,-0.07,-95.07
0.24,-0.06,-95.08
0.23,-0.05,-95.08
0.23,-0.07,-95.09
0.21,-0.06,-95.09
0.21,-0.08,-95.09
0.19,-0.07,-95.10
0.19,-0.06,-95.09
0.19,-0.05,-95.09
0.20,-0.07,-95.09
0.19,-0.07,-95.09
0.20,-0.08,-95.10
0.20,-0.10,-95.10
0.20,-0.09,-95.10
0.20,-0.06,-95.10
0.17,-0.05,-95.10
0.20,-0.04,-95.10
0.20,-0.06,-95.10
0.20,-0.08,-95.10
0.20,-0.10,-95.11
0.18,-0.11,-95.11
0.19,-0.12,-95.11
0.21,-0.09,-95.11
0.21,-0.08,-95.12
0.21,-0.07,-95.12
0.23,-0.06,-95.11
0.21,-0.05,-95.11
0.23,-0.05,-95.11
0.24,-0.05,-95.11
0.23,-0.04,-95.11
0.23,-0.04,-95.11
0.21,-0.03,-95.11
0.21,-0.03,-95.11
0.23,-0.05,-95.11
0.23,-0.06,-95.12
0.23,-0.06,-95.11
0.25,-0.08,-95.12
0.25,-0.07,-95.12
0.24,-0.06,-95.12
0.24,-0.05,-95.12
0.24,-0.05,-95.12
0.24,-0.04,-95.12
0.24,-0.02,-95.12
0.24,-0.04,-95.12
0.23,-0.01,-95.11
0.23,-0.01,-95.10
0.21,-0.01,-95.10
0.21,-0.06,-95.10
0.21,-0.05,-95.09
0.19,-0.05,-95.09
0.19,-0.05,-95.09
0.19,-0.04,-95.09
0.21,-0.04,-95.09
0.21,-0.04,-95.08
0.19,-0.03,-95.08
0.20,-0.05,-95.08
0.17,-0.07,-95.08
0.18,-0.06,-95.08
0.20,-0.06,-95.08
0.20,-0.06,-95.08
0.20,-0.05,-95.08
0.20,-0.05,-95.08
0.23,-0.02,-95.08
0.23,-0.01,-95.08
0.22,-0.04,-95.08
0.21,-0.03,-95.08
0.22,-0.03,-95.08
0.22,-0.05,-95.09
0.22,-0.05,-95.09
0.22,-0.04,-95.09
0.22,-0.06,-95.09
0.19,-0.03,-95.09
0.19,-0.05,-95.09
0.19,-0.04,-95.09
0.18,-0.02,-95.09
0.18,-0.02,-95.09
0.16,-0.01,-95.10
0.20,-0.01,-95.10
0.20,-0.04,-95.09
0.20,-0.06,-95.09
0.20,-0.05,-95.09
0.21,-0.05,-95.09
0.20,-0.07,-95.09
0.23,-0.06,-95.10
0.20,-0.06,-95.10
0.20,-0.05,-95.10
0.18,-0.07,-95.10
0.18,-0.09,-95.11
0.19,-0.08,-95.11
0.19,-0.07,-95.11
0.19,-0.06,-95.11
0.20,-0.08,-95.11
0.19,-0.07,-95.10
0.20,-0.07,-95.10
0.23,-0.06,-95.10
0.25,-0.09,-95.10
0.25,-0.07,-95.10
0.24,-0.07,-95.10
0.24,-0.06,-95.09
0.24,-0.05,-95.09
0.22,-0.05,-95.09
0.22,-0.05,-95.09
0.22,-0.04,-95.09
0.19,-0.04,-95.09
0.17,-0.06,-95.09
0.18,-0.07,-95.10
0.18,-0.04,-95.10
0.19,-0.06,-95.09
0.19,-0.06,-95.09
0.21,-0.05,-95.09
0.21,-0.06,-95.09
0.21,-0.06,-95.09
0.21,-0.06,-95.08
0.22,-0.05,-95.08
0.21,-0.04,-95.08
0.22,-0.04,-95.08
0.19,-0.03,-95.08
0.22,-0.06,-95.07
0.22,-0.03,-95.06
0.22,-0.05,-95.06
0.20,-0.05,-95.06
0.20,-0.07,-95.07
0.20,-0.06,-95.06
0.20,-0.05,-95.07
0.20,-0.07,-95.06
0.23,-0.07,-95.06
0.23,-0.08,-95.06
0.20,-0.10,-95.07
0.20,-0.09,-95.07
0.20,-0.08,-95.07
0.21,-0.08,-95.07
0.21,-0.07,-95.06
0.21,-0.08,-95.06
0.19,-0.08,-95.06
0.16,-0.07,-95.06
0.16,-0.03,-95.06
0.17,-0.03,-95.06
0.17,-0.02,-95.06
0.18,-0.02,-95.06
0.18,-0.01,-95.06
0.19,-0.03,-95.07
0.19,-0.03,-95.08
0.19,-0.00,-95.08
0.19,-0.00,-95.08
0.17,-0.00,-95.08
0.18,-0.00,-95.08
0.19,-0.00,-95.08
0.19,-0.01,-95.08
0.17,-0.01,-95.08
0.18,-0.03,-95.08
0.18,-0.04,-95.08
0.18,-0.04,-95.08
0.18,-0.04,-95.09
0.16,-0.03,-95.09
0.17,-0.03,-95.09
0.17,-0.03,-95.09
0.18,-0.03,-95.09
0.18,-0.02,-95.09
0.15,-0.02,-95.08
0.16,-0.02,-95.08
0.14,-0.02,-95.08
0.15,0.00,-95.08
0.13,0.00,-95.08
0.14,0.01,-95.07
0.15,-0.01,-95.07
0.16,-0.01,-95.07
0.17,-0.01,-95.07
0.15,-0.01,-95.07
0.16,-0.03,-95.07
0.16,-0.00,-95.07
0.16,-0.00,-95.07
0.17,-0.00,-95.07
0.17,-0.01,-95.07
0.18,-0.01,-95.06
0.18,-0.00,-95.06
0.21,-0.02,-95.06
0.21,-0.04,-95.05
0.21,-0.06,-95.06
0.19,-0.08,-95.06
0.19,-0.07,-95.06
0.19,-0.06,-95.06
0.19,-0.05,-95.07
0.20,-0.05,-95.06
0.17,-0.05,-95.06
0.15,-0.06,-95.06
0.16,-0.03,-95.06
0.19,-0.03,-95.07
0.19,-0.05,-95.07
0.19,-0.05,-95.07
0.17,-0.06,-95.08
0.18,-0.08,-95.08
0.18,-0.10,-95.08
0.19,-0.09,-95.08
0.19,-0.08,-95.08
0.20,-0.07,-95.08
0.20,-0.11,-95.10
0.25,-0.03,-95.10
0.22,0.02,-95.10
0.20,-0.00,-95.09
0.20,-0.01,-95.08
0.22,-0.01,-95.10
0.20,0.01,-95.09
0.23,0.01,-95.09
0.23,-0.01,-95.09
0.22,-0.03,-95.09
0.20,-0.05,-95.09
0.20,-0.05,-95.09
0.18,-0.04,-95.09
0.18,-0.04,-95.09
0.19,-0.03,-95.10
0.17,-0.05,-95.10
0.17,-0.07,-95.10
0.18,-0.06,-95.10
0.18,-0.06,-95.11
0.19,-0.05,-95.11
0.19,-0.05,-95.10
0.22,-0.07,-95.10
0.22,-0.06,-95.09
0.24,-0.05,-95.09
0.24,-0.05,-95.09
0.23,-0.04,-95.08
0.23,-0.04,-95.09
0.26,-0.03,-95.09
0.23,-0.03,-95.08
0.21,-0.05,-95.08
0.19,-0.07,-95.08
0.19,-0.09,-95.08
0.21,-0.08,-95.07
0.21,-0.07,-95.07
0.21,-0.09,-95.06
0.21,-0.08,-95.06
0.21,-0.07,-95.06
0.23,-0.07,-95.06
0.23,-0.06,-95.06
0.23,-0.05,-95.07
0.23,-0.07,-95.07
0.23,-0.09,-95.07
0.23,-0.08,-95.08
0.23,-0.07,-95.08
0.23,-0.10,-95.08
0.23,-0.11,-95.07
0.22,-0.10,-95.07
0.22,-0.09,-95.07
0.20,-0.08,-95.07
0.18,-0.07,-95.06
0.18,-0.07,-95.05
0.19,-0.06,-95.05
0.19,-0.05,-95.05
0.17,-0.04,-95.05
0.17,-0.04,-95.05
0.18,-0.03,-95.05
0.18,-0.03,-95.04
0.17,-0.03,-95.04
0.17,-0.05,-95.04
0.18,-0.04,-95.04
0.18,-0.03,-95.04
0.18,-0.03,-95.04
0.19,-0.02,-95.05
0.19,-0.04,-95.06
0.19,-0.04,-95.06
0.20,-0.03,-95.06
0.18,-0.00,-95.06
0.18,-0.00,-95.06
0.16,-0.00,-95.06
0.15,0.00,-95.07
0.15,-0.00,-95.06
0.16,-0.00,-95.06
0.17,-0.02,-95.06
0.17,-0.02,-95.07
0.18,-0.02,-95.07
0.18,-0.01,-95.07
0.19,-0.01,-95.07
0.19,-0.01,-95.07
0.20,-0.01,-95.07
0.17,-0.01,-95.08
0.17,-0.03,-95.08
0.15,-0.03,-95.08
0.16,-0.02,-95.08
0.17,0.00,-95.08
0.17,-0.02,-95.09
0.20,-0.04,-95.09
0.22,-0.06,-95.09
0.20,-0.05,-95.09
0.20,-0.03,-95.10
0.20,-0.02,-95.10
0.20,-0.02,-95.10
0.23,-0.02,-95.10
0.21,-0.04,-95.11
0.21,-0.03,-95.11
0.21,-0.05,-95.11
0.21,-0.05,-95.11
0.21,-0.07,-95.11
0.21,-0.06,-95.11
0.21,-0.05,-95.11
0.21,-0.07,-95.12
0.21,-0.06,-95.11
0.21,-0.05,-95.12
0.21,-0.07,-95.12
0.21,-0.08,-95.12
0.21,-0.08,-95.12
0.21,-0.07,-95.12
0.21,-0.06,-95.12
0.21,-0.06,-95.12
0.21,-0.05,-95.12
0.21,-0.04,-95.12
0.21,-0.04,-95.12
0.21,-0.03,-95.12
0.21,-0.05,-95.12
0.21,-0.05,-95.12
0.21,-0.04,-95.11
0.19,-0.06,-95.11
0.19,-0.08,-95.11
0.19,-0.09,-95.10
0.20,-0.10,-95.10
0.20,-0.09,-95.10
0.20,-0.08,-95.10
0.20,-0.07,-95.10
0.18,-0.11,-95.10
0.16,-0.10,-95.10
0.17,-0.08,-95.10
0.18,-0.08,-95.10
0.18,-0.09,-95.09
0.18,-0.08,-95.09
0.19,-0.07,-95.09
0.19,-0.06,-95.09
0.19,-0.08,-95.09
0.20,-0.09,-95.09
0.20,-0.06,-95.09
0.20,-0.05,-95.09
0.18,-0.07,-95.09
0.19,-0.09,-95.10
0.19,-0.08,-95.10
0.19,-0.07,-95.10
0.19,-0.06,-95.11
0.19,-0.08,-95.11
0.19,-0.09,-95.10
0.20,-0.08,-95.10
0.20,-0.07,-95.10
0.20,-0.09,-95.09
0.20,-0.10,-95.09
0.23,-0.10,-95.09
0.23,-0.11,-95.09
0.20,-0.09,-95.09
0.18,-0.08,-95.09
0.19,-0.07,-95.09
0.19,-0.06,-95.09
0.19,-0.08,-95.08
0.19,-0.09,-95.09
0.19,-0.10,-95.09
0.19,-0.10,-95.09
0.19,-0.08,-95.09
0.17,-0.08,-95.09
0.20,-0.07,-95.09
0.20,-0.06,-95.09
0.23,-0.06,-95.08
0.20,-0.05,-95.08
0.18,-0.02,-95.08
0.18,-0.04,-95.07
0.19,-0.06,-95.07
0.17,-0.04,-95.07
0.17,-0.03,-95.07
0.15,-0.03,-95.06
0.16,-0.06,-95.06
0.16,-0.07,-95.05
0.17,-0.09,-95.05
0.15,-0.08,-95.04
0.15,-0.07,-95.04
0.16,-0.09,-95.04
0.17,-0.10,-95.04
0.19,-0.09,-95.03
0.22,-0.09,-95.03
0.24,-0.12,-95.03
0.26,-0.11,-95.04
0.26,-0.10,-95.04
0.23,-0.09,-95.05
0.23,-0.10,-95.04
0.23,-0.09,-95.04
0.23,-0.10,-95.05
0.23,-0.09,-95.05
0.23,-0.06,-95.05
0.23,-0.08,-95.05
0.23,-0.07,-95.04
0.22,-0.06,-95.04
0.22,-0.08,-95.04
0.20,-0.10,-95.04
0.18,-0.11,-95.04
0.18,-0.09,-95.04
0.19,-0.08,-95.04
0.19,-0.07,-95.05
0.19,-0.09,-95.05
0.20,-0.10,-95.05
0.17,-0.07,-95.05
0.18,-0.06,-95.05
0.18,-0.08,-95.05
0.19,-0.07,-95.05
0.16,-0.06,-95.04
0.14,-0.08,-95.04
0.15,-0.07,-95.03
0.14,-0.09,-95.03
0.12,-0.11,-95.02
0.13,-0.10,-95.02
0.14,-0.11,-95.03
0.15,-0.10,-95.03
0.16,-0.06,-95.03
0.17,-0.05,-95.03
0.18,-0.04,-95.04
0.18,-0.04,-95.04
0.18,-0.04,-95.04
0.19,-0.06,-95.03
0.19,-0.05,-95.04
0.19,-0.02,-95.04
0.22,-0.02,-95.05
0.22,-0.02,-95.04
0.21,0.01,-95.05
0.21,0.01,-95.05
0.22,-0.02,-95.05
0.21,-0.04,-95.05
0.24,-0.04,-95.06
0.24,-0.03,-95.07
0.24,-0.01,-95.06
0.23,-0.04,-95.06
0.23,-0.03,-95.05
0.23,-0.03,-95.05
0.20,-0.01,-95.04
0.20,-0.03,-95.04
0.18,0.00,-95.05
0.19,0.00,-95.05
0.17,0.00,-95.05
0.17,-0.03,-95.06
0.17,-0.02,-95.06
0.20,-0.02,-95.05
0.21,0.01,-95.06
0.21,-0.02,-95.06
0.21,-0.01,-95.07
0.19,-0.04,-95.06
0.19,-0.03,-95.07
0.19,-0.03,-95.07
0.20,-0.01,-95.07
0.20,-0.00,-95.07
0.21,-0.03,-95.07
0.20,-0.05,-95.07
0.21,-0.04,-95.07
0.23,-0.06,-95.08
0.23,-0.08,-95.08
0.23,-0.07,-95.09
0.23,-0.07,-95.09
0.23,-0.06,-95.09
0.23,-0.05,-95.10
0.22,-0.07,-95.11
0.20,-0.06,-95.10
0.17,-0.03,-95.10
0.18,-0.05,-95.10
0.21,-0.07,-95.10
0.21,-0.11,-95.10
0.21,-0.12,-95.10
0.21,-0.11,-95.10
0.21,-0.12,-95.10
0.21,-0.13,-95.10
0.21,-0.14,-95.10
0.19,-0.15,-95.10
0.19,-0.13,-95.10
0.19,-0.16,-95.11
0.20,-0.19,-95.11
0.20,-0.18,-95.11
0.18,-0.18,-95.11
0.19,-0.16,-95.11
0.19,-0.15,-95.11
0.19,-0.13,-95.11
0.20,-0.12,-95.11
0.20,-0.10,-95.10
0.20,-0.09,-95.10
0.20,-0.08,-95.10
0.20,-0.05,-95.10
0.20,-0.02,-95.11
0.20,-0.02,-95.11
0.21,-0.02,-95.11
0.20,-0.04,-95.11
0.21,-0.04,-95.11
0.24,-0.06,-95.12
0.21,-0.05,-95.12
0.21,-0.04,-95.12
0.21,-0.02,-95.11
0.19,-0.02,-95.11
0.19,-0.02,-95.11
0.19,-0.02,-95.11
0.19,-0.04,-95.11
0.19,-0.03,-95.11
0.20,-0.00,-95.12
0.18,-0.00,-95.12
0.16,-0.03,-95.12
0.14,-0.07,-95.12
0.13,-0.04,-95.12
0.14,-0.06,-95.13
0.15,-0.07,-95.13
0.16,-0.06,-95.12
0.14,-0.08,-95.12
0.13,-0.09,-95.12
0.14,-0.09,-95.12
0.12,-0.08,-95.12
0.13,-0.09,-95.13
0.14,-0.08,-95.13
0.15,-0.05,-95.14
0.15,-0.04,-95.14
0.16,-0.04,-95.13
0.17,-0.05,-95.13
0.17,-0.05,-95.13
0.18,-0.04,-95.13
0.18,-0.04,-95.13
0.19,-0.03,-95.13
0.19,-0.03,-95.13
0.22,-0.04,-95.13
0.22,-0.06,-95.13
0.22,-0.08,-95.12
0.22,-0.09,-95.12
0.22,-0.10,-95.12
0.22,-0.09,-95.11
0.24,-0.11,-95.11
0.24,-0.10,-95.11
0.24,-0.06,-95.11
0.23,-0.03,-95.11
0.23,-0.03,-95.10
0.23,-0.02,-95.11
0.23,-0.04,-95.11
0.23,-0.09,-95.11
0.23,-0.10,-95.11
0.23,-0.11,-95.11
0.20,-0.12,-95.11
0.18,-0.11,-95.11
0.20,-0.07,-95.11
0.21,-0.09,-95.10
0.20,-0.08,-95.09
0.21,-0.10,-95.10
0.21,-0.09,-95.10
0.21,-0.08,-95.10
0.21,-0.09,-95.10
0.21,-0.06,-95.10
0.19,-0.07,-95.10
0.19,-0.09,-95.10
0.19,-0.10,-95.10
0.20,-0.11,-95.10
0.20,-0.12,-95.10
0.20,-0.11,-95.09
0.18,-0.12,-95.09
0.18,-0.11,-95.09
0.18,-0.13,-95.08
0.16,-0.11,-95.08
0.14,-0.10,-95.08
0.15,-0.09,-95.08
0.15,-0.08,-95.08
0.16,-0.07,-95.08
0.14,-0.06,-95.09
0.13,-0.03,-95.09
0.16,-0.05,-95.10
0.17,-0.05,-95.10
0.15,-0.06,-95.10
0.18,-0.08,-95.11
0.16,-0.06,-95.11
0.16,-0.10,-95.11
0.17,-0.11,-95.12
0.17,-0.10,-95.12
0.17,-0.09,-95.12
0.17,-0.08,-95.12
0.16,-0.09,-95.13
0.16,-0.11,-95.13
0.17,-0.09,-95.14
0.17,-0.08,-95.14
0.15,-0.08,-95.13
0.14,-0.07,-95.14
0.14,-0.08,-95.14
0.15,-0.10,-95.14
0.16,-0.11,-95.14
0.14,-0.12,-95.14
0.13,-0.08,-95.13
0.14,-0.08,-95.13
0.14,-0.10,-95.13
0.15,-0.11,-95.12
0.13,-0.12,-95.12
0.14,-0.13,-95.12
0.15,-0.12,-95.13
0.13,-0.13,-95.13
0.17,-0.12,-95.13
0.15,-0.10,-95.13
0.15,-0.09,-95.13
0.14,-0.11,-95.13
0.15,-0.12,-95.12
0.15,-0.11,-95.12
0.16,-0.12,-95.12
0.16,-0.10,-95.12
0.19,-0.12,-95.12
0.19,-0.10,-95.12
0.20,-0.10,-95.12
0.18,-0.07,-95.11
0.18,-0.06,-95.11
0.19,-0.06,-95.12
0.18,-0.07,-95.12
0.18,-0.08,-95.12
0.18,-0.10,-95.12
0.19,-0.09,-95.12
0.19,-0.05,-95.12
0.19,-0.07,-95.12
0.19,-0.08,-95.12
0.20,-0.07,-95.11
0.20,-0.04,-95.11
0.23,-0.02,-95.11
0.22,-0.04,-95.11
0.20,-0.03,-95.11
0.20,-0.06,-95.11
0.20,-0.03,-95.11
0.20,0.00,-95.11
0.21,0.02,-95.11
0.21,-0.01,-95.11
0.21,-0.03,-95.12
0.21,-0.03,-95.11
0.21,-0.02,-95.12
0.20,-0.02,-95.11
0.20,-0.02,-95.11
0.20,-0.04,-95.11
0.20,-0.04,-95.11
0.29,-0.05,-95.16
0.29,-0.05,-95.09
-0.04,-0.03,-95.26
0.67,-0.14,-95.56
0.32,0.04,-95.37
0.09,-0.06,-95.40
0.36,-0.04,-95.46
0.19,-0.06,-95.42
0.15,-0.11,-95.47
0.32,-0.13,-95.57
0.14,-0.13,-95.47
-0.03,0.04,-95.54
0.15,-0.07,-95.54
0.11,-0.01,-95.82
0.31,-0.18,-95.77
0.21,0.01,-95.91
0.31,-0.08,-95.73
0.32,-0.18,-95.75
0.46,-0.32,-95.38
0.57,-0.37,-94.96
0.42,-0.47,-95.10
0.41,-0.63,-95.51
0.35,-0.59,-95.66
0.36,-0.39,-95.83
0.24,-0.11,-95.81
0.11,-0.08,-95.94
0.33,-0.11,-96.02
0.31,0.27,-95.84
0.35,0.70,-95.64
0.46,0.82,-95.48
0.59,0.87,-95.30
0.67,0.79,-95.02
0.72,0.84,-94.64
0.75,1.01,-94.00
0.66,1.39,-93.24
0.83,1.45,-92.67
1.16,0.79,-92.22
0.87,0.65,-91.85
0.88,0.57,-91.11
0.79,0.52,-90.65
0.91,0.29,-89.86
0.72,1.13,-88.15
0.13,3.22,-88.28
0.50,2.96,-88.51
1.42,2.33,-88.12
0.05,2.60,-88.63
0.24,1.72,-88.82
0.08,2.00,-89.12
-0.24,1.83,-89.43
-0.16,1.26,-89.78
-0.06,0.70,-90.02
-0.15,0.37,-90.37
-0.17,0.19,-90.80
-0.17,0.01,-91.13
-0.24,-0.48,-91.72
-0.26,-0.93,-91.92
-0.24,-1.24,-92.20
-0.17,-1.42,-92.35
-0.24,-0.83,-92.65
-0.46,-0.51,-92.81
-0.50,-0.34,-92.96
-0.37,-0.32,-93.03
-0.76,-0.28,-93.14
-0.82,-0.08,-93.33
-0.96,0.09,-93.56
-0.94,0.01,-93.90
-0.83,0.12,-94.17
-0.98,0.38,-94.47
-0.88,0.23,-94.74
-0.85,0.22,-94.98
-0.60,0.35,-95.13
-0.50,0.37,-95.27
-0.45,0.38,-95.41
-0.40,0.46,-95.65
-0.27,0.71,-95.86
-0.17,1.07,-96.07
-0.17,1.32,-96.25
-0.16,1.65,-96.41
-0.25,1.95,-96.58
-0.07,2.23,-96.70
-0.08,2.45,-96.82
0.03,2.49,-96.89
0.03,2.57,-96.97
-0.00,2.97,-96.97
-0.05,3.17,-96.91
-0.09,3.34,-96.91
-0.03,3.65,-96.96
0.01,4.12,-96.88
0.13,4.59,-96.90
0.27,4.74,-96.94
0.27,4.74,-96.92
0.22,4.64,-96.82
0.17,4.63,-96.74
0.14,4.73,-96.66
0.08,4.78,-96.55
0.01,4.65,-96.49
0.09,4.43,-96.44
0.13,4.15,-96.41
0.11,3.89,-96.28
0.16,3.61,-96.20
0.15,3.27,-96.07
0.14,2.90,-95.88
0.19,2.59,-95.72
0.20,2.32,-95.60
0.30,1.98,-95.53
0.35,1.51,-95.51
0.49,1.00,-95.60
0.61,0.70,-95.72
0.74,0.27,-95.90
0.70,0.18,-96.06
0.85,0.03,-96.36
-0.63,0.02,-96.37
-0.88,0.04,-96.56
-1.03,0.42,-96.85
-0.90,-0.03,-97.21
-0.70,0.12,-97.58
-0.65,0.30,-97.82
-0.34,0.75,-98.01
-0.26,1.13,-98.17
-0.12,1.61,-98.44
-0.08,1.90,-98.68
-0.19,2.40,-98.87
-0.20,2.73,-99.00
-0.24,3.10,-99.02
-0.24,3.45,-99.03
-0.33,3.91,-98.98
-0.41,4.34,-98.76
-0.27,4.56,-98.55
-0.29,4.91,-98.35
-0.18,5.03,-98.21
0.06,5.12,-98.25
0.19,5.26,-98.43
0.19,5.43,-98.66
0.18,5.44,-98.99
0.10,5.49,-99.34
0.11,5.56,-99.68
0.20,5.74,-100.14
0.51,5.57,-100.79
0.66,5.58,-101.52
0.70,5.73,-102.26
0.50,5.92,-102.89
0.37,6.25,-103.48
0.30,6.63,-103.99
0.27,6.81,-104.66
0.06,7.29,-105.23
-0.20,7.74,-105.71
-0.38,8.11,-106.27
-0.62,8.43,-106.87
-1.02,8.83,-107.57
-1.24,9.34,-108.26
-1.34,9.32,-108.86
-1.44,9.83,-109.43
-1.61,10.14,-110.07
-1.78,10.31,-110.93
-2.03,10.58,-111.80
-2.40,10.94,-112.50
-2.57,11.38,-113.11
-2.63,11.64,-113.79
-2.79,11.90,-114.48
-2.95,12.14,-115.09
-3.16,12.68,-115.52
-3.30,13.16,-116.00
-3.43,13.68,-116.42
-3.46,14.16,-116.79
-3.57,14.66,-117.10
-3.68,15.12,-117.34
-3.75,15.63,-117.49
-3.84,16.02,-117.73
-3.85,16.44,-117.85
-3.85,16.91,-117.88
-3.85,17.22,-117.89
-3.72,17.56,-117.86
-3.67,17.93,-117.80
-3.70,18.18,-117.72
-3.59,18.47,-117.51
-3.46,18.69,-117.19
-3.38,18.91,-116.60
-3.36,19.11,-115.65
-2.74,19.28,-114.89
-2.41,19.36,-114.31
-1.98,19.32,-113.79
-1.66,19.36,-113.38
-1.50,19.40,-112.95
-1.32,19.26,-112.54
-1.07,19.23,-112.19
-0.88,19.14,-111.72
-0.78,18.80,-111.23
-0.54,18.49,-110.70
-0.27,18.24,-110.25
-0.17,17.80,-109.79
-0.15,17.55,-109.18
-0.18,17.33,-108.22
-0.16,17.08,-107.18
0.13,16.16,-106.11
0.43,15.55,-105.20
0.78,14.92,-104.57
0.99,14.33,-104.08
1.07,13.65,-103.45
1.18,12.94,-102.91
0.98,12.29,-102.28
1.05,11.66,-101.68
1.14,10.79,-101.14
1.08,10.15,-100.63
0.96,9.36,-99.99
0.98,8.67,-99.45
1.07,8.01,-99.07
1.21,7.44,-98.76
1.33,6.85,-98.54
1.15,6.24,-98.22
1.13,5.63,-97.73
1.28,4.91,-97.39
1.28,4.39,-97.06
1.21,4.05,-96.67
1.09,3.65,-96.26
0.95,3.29,-95.85
0.93,2.82,-95.38
1.08,2.38,-94.96
1.23,1.83,-94.55
1.10,1.47,-94.14
0.81,1.14,-93.59
0.67,0.88,-93.03
0.57,0.46,-92.45
0.72,-0.07,-91.94
0.88,-0.51,-91.44
0.67,-0.93,-90.86
0.35,-0.96,-90.31
0.06,-1.19,-89.72
0.38,-1.69,-89.17
0.63,-2.15,-88.56
0.30,-2.75,-87.88
0.36,-3.25,-87.37
0.14,-3.65,-86.80
0.07,-3.97,-86.38
0.03,-4.25,-85.98
-0.15,-4.82,-85.48
-0.22,-5.37,-84.90
-0.21,-6.20,-84.27
-0.30,-6.47,-83.75
-0.32,-7.19,-83.38
-0.32,-7.55,-82.99
-0.28,-7.96,-82.64
-0.43,-8.31,-82.21
-0.65,-8.64,-81.64
-0.91,-9.15,-80.94
-0.71,-10.74,-80.61
-0.68,-10.32,-80.36
-0.78,-10.84,-80.10
-0.90,-11.12,-79.87
-0.85,-11.26,-79.72
-0.94,-11.55,-79.62
-0.89,-11.67,-79.68
-0.97,-11.78,-79.76
-0.87,-11.83,-79.94
-0.70,-11.96,-80.31
-0.53,-12.00,-80.87
-0.32,-11.86,-81.61
0.08,-11.71,-82.39
0.68,-11.56,-83.29
1.37,-11.40,-84.38
1.71,-11.28,-85.33
1.96,-10.90,-86.21
2.10,-10.65,-86.97
2.20,-9.97,-87.73
2.52,-9.54,-88.84
2.95,-9.05,-90.11
3.09,-8.25,-91.40
3.03,-7.45,-92.50
3.26,-6.58,-93.53
3.39,-6.05,-94.43
3.25,-5.04,-95.54
2.91,-4.03,-96.47
2.87,-2.95,-97.45
3.11,-2.26,-98.50
3.04,-1.65,-99.46
2.50,-0.65,-100.14
2.11,0.45,-100.86
2.06,1.33,-101.69
1.79,2.21,-102.41
1.38,3.62,-103.09
1.11,4.46,-103.84
1.25,5.11,-104.31
0.88,6.16,-104.91
0.59,6.94,-105.55
0.17,7.70,-106.13
-0.16,8.48,-106.63
-0.43,9.33,-107.11
-0.62,10.02,-107.58
-0.72,10.81,-108.36
-0.87,11.39,-109.10
-1.24,11.89,-109.68
-1.54,12.50,-110.24
-1.74,13.16,-110.89
-1.97,13.69,-111.53
-2.23,14.26,-112.19
-2.41,14.81,-112.70
-2.47,15.30,-113.21
-2.82,15.72,-113.66
-3.01,16.22,-114.18
-3.12,16.52,-114.59
-3.35,16.92,-114.98
-3.65,17.40,-115.16
-3.84,17.90,-115.22
-4.00,18.31,-115.17
-3.88,18.58,-114.95
-3.83,18.83,-114.64
-3.89,19.12,-114.42
-3.82,19.21,-114.08
-3.73,19.47,-113.68
-3.60,19.46,-113.20
-3.40,19.43,-112.59
-3.37,19.43,-111.80
-3.34,19.63,-110.82
-3.11,19.61,-109.75
-2.97,19.21,-108.65
-2.57,18.84,-107.51
-2.28,18.41,-106.39
-1.89,17.71,-105.26
-1.39,17.10,-103.94
-0.80,16.12,-102.49
-0.48,15.51,-100.94
-0.55,14.73,-99.58
0.32,13.99,-98.48
0.74,12.84,-97.38
0.79,11.68,-96.31
0.74,10.99,-95.41
0.53,10.17,-94.55
0.79,9.27,-93.58
1.21,8.01,-92.68
0.88,6.86,-91.97
0.65,5.91,-91.05
0.98,4.76,-90.35
1.31,3.55,-89.62
1.66,2.18,-88.89
1.31,1.08,-88.27
0.93,0.31,-87.65
0.49,-0.84,-86.59
0.29,-1.60,-85.62
0.13,-2.73,-84.58
-0.24,-3.72,-83.48
-0.30,-4.51,-82.62
-0.67,-5.34,-81.71
-0.78,-6.07,-80.71
-0.89,-7.06,-79.74
-1.17,-8.14,-78.85
-1.46,-8.99,-78.01
-1.67,-9.66,-77.12
-1.76,-10.36,-76.45
-1.88,-10.88,-75.95
-1.92,-11.54,-75.48
-2.04,-12.34,-74.98
-1.96,-13.20,-74.72
-1.93,-13.78,-74.53
-2.27,-14.00,-74.30
-2.55,-14.17,-74.01
-2.47,-14.73,-73.92
-2.54,-15.18,-73.73
-2.54,-15.64,-73.81
-2.53,-16.00,-73.87
-2.51,-16.20,-73.82
-2.27,-16.80,-74.13
-1.84,-17.01,-74.86
-1.47,-17.03,-75.79
-1.03,-16.88,-76.87
-0.26,-16.68,-78.38
0.60,-16.58,-80.00
1.17,-15.98,-81.77
1.47,-15.22,-83.47
1.75,-14.54,-85.14
2.18,-13.61,-86.64
2.21,-12.81,-87.79
2.16,-11.86,-88.92
2.56,-10.87,-90.35
2.47,-9.95,-91.59
2.47,-9.20,-92.37
3.08,-8.61,-93.12
3.03,-7.21,-93.93
3.40,-6.39,-94.86
3.93,-5.65,-95.92
3.93,-5.15,-96.88
3.61,-3.82,-97.65
3.09,-2.79,-98.16
2.52,-1.66,-98.48
2.15,-0.54,-98.74
1.81,0.31,-99.22
1.70,1.17,-99.72
1.49,1.90,-100.17
1.20,2.92,-100.47
0.75,3.69,-100.57
0.37,4.45,-100.52
0.21,5.23,-100.62
0.11,5.72,-100.71
0.06,6.16,-100.78
0.09,6.74,-100.82
0.13,7.13,-100.93
-0.07,7.46,-101.09
-0.14,7.67,-101.26
-0.15,8.05,-101.36
-0.41,8.58,-101.43
-0.76,8.87,-101.53
-0.75,8.86,-101.72
-0.84,9.00,-101.94
-1.14,9.22,-101.92
-1.28,9.36,-101.98
-1.41,9.53,-102.15
-1.46,9.54,-102.27
-1.48,9.53,-102.36
-1.55,9.65,-102.37
-1.61,9.88,-102.27
-1.68,10.01,-102.17
-1.59,10.21,-102.13
-1.57,10.18,-102.01
-1.33,10.36,-101.89
-1.41,10.44,-101.84
-1.30,10.47,-101.81
-1.27,10.44,-101.86
-1.30,10.38,-101.85
-1.36,10.32,-101.96
-1.26,10.22,-102.15
-1.28,10.09,-102.46
-1.45,9.99,-102.68
-1.64,9.90,-102.72
-1.64,9.79,-102.63
-1.81,9.64,-102.65
-2.17,9.41,-102.64
-2.45,9.31,-102.52
-2.22,8.97,-102.35
-2.22,8.93,-102.30
-2.44,8.72,-102.21
-2.47,8.73,-102.10
-2.85,8.46,-101.84
-3.21,8.41,-101.58
-3.63,8.49,-101.32
-3.82,8.39,-101.32
-4.07,8.01,-101.37
-4.11,7.80,-101.50
-4.24,7.49,-101.74
-4.64,7.27,-101.93
-4.84,7.28,-102.03
-5.05,7.12,-102.04
-5.38,6.84,-102.10
-5.97,6.50,-102.21
-6.40,6.23,-102.36
-6.47,5.99,-102.60
-6.63,5.71,-102.91
-7.16,5.48,-103.17
-7.58,5.43,-103.31
-7.78,5.27,-103.45
-8.05,5.15,-103.64
-8.40,5.08,-103.93
-8.69,4.99,-104.07
-9.04,5.00,-104.23
-9.21,5.00,-104.36
-9.22,4.97,-104.46
-9.19,4.95,-104.42
-9.12,5.00,-104.37
-9.32,4.85,-104.32
-9.60,5.15,-104.34
-9.67,5.20,-104.31
-9.76,5.18,-104.25
-9.77,5.25,-104.19
-9.85,5.34,-104.05
-9.90,5.31,-103.94
-10.14,5.19,-103.63
-10.39,5.13,-103.34
-10.53,5.13,-103.17
-10.73,5.18,-102.99
-10.80,5.19,-102.90
-10.99,5.19,-102.71
-11.30,5.21,-102.58
-11.52,5.23,-102.44
-11.70,5.25,-102.30
-11.71,5.37,-102.18
-11.80,5.39,-101.97
-11.96,5.38,-101.73
-12.14,5.41,-101.56
-12.30,5.47,-101.41
-12.45,5.55,-101.32
-12.58,5.56,-101.27
-12.85,5.60,-101.09
-13.07,5.64,-100.83
-13.15,5.62,-100.69
-13.30,5.67,-100.58
-13.54,5.68,-100.50
-13.79,5.68,-100.40
-13.99,5.69,-100.28
-14.17,5.72,-100.14
-14.40,5.73,-100.02
-14.58,5.81,-99.94
-14.70,5.84,-99.78
-14.83,5.87,-99.63
-15.01,5.86,-99.59
-15.24,5.86,-99.60
-15.41,5.90,-99.62
-15.56,5.88,-99.61
-15.70,5.90,-99.56
-15.85,5.86,-99.51
-16.01,5.85,-99.50
-16.13,5.86,-99.51
-16.28,5.84,-99.45
-16.44,5.84,-99.35
-16.69,5.84,-99.27
-16.96,5.88,-99.23
-17.19,5.90,-99.21
-17.41,5.89,-99.12
-17.61,5.93,-99.02
-17.72,5.99,-98.96
-17.88,5.97,-98.87
-18.03,5.97,-98.89
-18.19,6.02,-98.82
-18.36,6.04,-98.73
-18.53,6.06,-98.65
-18.66,6.11,-98.55
-18.73,6.09,-98.53
-18.86,6.04,-98.46
-19.06,6.03,-98.39
-19.25,6.04,-98.40
-19.35,6.07,-98.43
-19.39,6.10,-98.31
-19.37,6.11,-98.26
-19.43,6.07,-98.25
-19.53,6.06,-98.24
-19.56,6.07,-98.25
-19.56,6.08,-98.26
-19.50,6.09,-98.24
-19.38,6.07,-98.28
-19.27,6.05,-98.33
-19.14,6.08,-98.34
-18.96,6.10,-98.31
-18.76,6.11,-98.34
-18.54,6.12,-98.38
-18.23,6.07,-98.54
-17.92,6.05,-98.59
-17.55,6.08,-98.70
-17.08,6.05,-98.85
-16.63,6.01,-99.01
-16.17,5.96,-99.16
-15.67,5.94,-99.32
-15.23,5.88,-99.48
-14.74,5.87,-99.68
-14.18,5.85,-99.85
-13.62,5.76,-100.00
-13.07,5.70,-100.26
-12.47,5.64,-100.58
-11.84,5.64,-100.74
-11.12,5.61,-100.75
-10.48,5.58,-100.85
-9.71,5.57,-101.06
-9.00,5.54,-101.16
-8.29,5.47,-101.13
-7.46,5.43,-101.21
-6.61,5.41,-101.39
-5.86,5.47,-101.58
-5.12,5.47,-101.70
-4.48,5.41,-101.63
-3.78,5.44,-101.59
-3.07,5.49,-101.61
-2.47,5.54,-101.64
-1.87,5.74,-101.70
-1.31,5.76,-101.59
-0.80,5.70,-101.42
-0.18,5.78,-101.35
0.32,5.78,-101.29
0.83,5.78,-101.23
1.36,5.84,-101.20
1.77,5.81,-101.13
2.07,5.83,-101.13
2.40,5.86,-101.14
2.55,5.97,-101.05
2.65,6.05,-100.91
2.87,6.16,-100.76
3.04,6.14,-100.54
3.35,6.20,-100.46
3.36,6.21,-100.37
3.29,6.35,-100.29
3.21,6.47,-100.12
3.20,6.52,-99.91
3.18,6.42,-99.71
3.21,6.51,-99.62
3.27,6.41,-99.61
3.15,6.37,-99.75
3.01,6.35,-99.75
2.87,6.24,-99.65
2.73,6.14,-99.56
2.50,6.12,-99.46
2.32,6.08,-99.35
2.25,6.03,-99.17
2.18,5.93,-99.09
2.11,5.93,-99.04
1.97,5.85,-98.96
1.81,5.85,-98.91
1.69,5.82,-98.89
1.61,5.72,-98.87
1.51,5.66,-98.76
1.36,5.55,-98.65
1.25,5.52,-98.66
1.26,5.52,-98.68
1.21,5.35,-98.64
1.13,5.28,-98.55
1.04,5.28,-98.35
1.00,5.28,-98.11
0.96,5.25,-98.01
0.95,5.11,-97.96
1.01,5.04,-97.93
1.11,4.94,-97.86
1.17,4.84,-97.81
1.17,4.78,-97.67
1.13,4.75,-97.40
1.16,4.74,-97.15
1.06,4.69,-96.95
1.05,4.74,-96.63
1.02,4.55,-96.31
1.00,4.53,-96.13
0.93,4.53,-96.03
1.00,4.55,-95.90
1.03,4.57,-95.71
0.96,4.49,-95.50
1.12,4.37,-95.39
1.32,4.20,-95.28
1.38,4.03,-95.19
1.47,3.96,-95.11
1.40,3.78,-94.96
1.34,3.44,-94.86
1.45,3.40,-94.88
1.29,3.11,-94.85
1.48,2.97,-94.86
1.49,2.62,-94.86
1.52,2.53,-94.86
1.50,2.37,-94.87
1.46,2.27,-94.84
1.36,2.17,-94.82
1.36,2.19,-94.84
1.32,2.17,-94.82
1.35,1.97,-94.74
1.27,1.82,-94.73
1.24,1.87,-94.73
1.22,1.87,-94.78
1.23,1.77,-94.91
1.21,1.60,-94.93
1.12,1.58,-94.95
1.12,1.53,-95.00
1.19,1.54,-94.97
1.29,1.64,-95.00
1.42,1.54,-95.01
1.39,1.66,-95.05
1.54,1.59,-95.02
1.56,1.53,-95.02
1.68,1.44,-95.09
1.99,1.37,-95.15
2.19,1.38,-95.29
2.41,1.45,-95.39
2.47,1.51,-95.49
2.79,1.61,-95.59
3.31,1.52,-95.67
3.57,1.50,-95.92
4.00,1.61,-96.09
4.14,1.67,-96.25
4.23,1.96,-96.43
4.37,2.16,-96.57
4.61,2.34,-96.65
4.69,2.49,-96.79
4.77,2.63,-96.98
5.06,2.88,-97.12
5.19,2.93,-97.22
5.45,3.21,-97.31
5.59,3.27,-97.22
5.61,3.68,-97.27
5.74,3.82,-97.37
5.87,3.95,-97.53
5.66,4.01,-97.67
5.67,4.16,-97.75
5.66,4.48,-97.87
5.58,4.55,-97.97
5.20,4.59,-98.09
5.00,4.67,-98.18
4.89,4.67,-98.28
4.75,4.60,-98.34
4.75,4.61,-98.37
4.81,4.65,-98.40
4.94,4.71,-98.43
5.10,4.70,-98.47
5.09,4.63,-98.46
5.17,4.73,-98.52
5.24,4.66,-98.57
5.20,4.68,-98.59
5.42,4.69,-98.56
5.40,4.58,-98.51
5.53,4.64,-98.41
5.58,4.56,-98.31
5.57,4.54,-98.28
5.59,4.49,-98.22
5.47,4.44,-98.20
5.64,4.50,-98.23
5.56,4.46,-98.33
5.51,4.48,-98.38
5.47,4.52,-98.40
5.71,4.54,-98.43
5.92,4.66,-98.49
5.95,4.75,-98.57
5.74,4.75,-98.69
5.58,4.74,-98.80
5.30,4.67,-98.90
4.96,4.75,-99.02
4.82,4.80,-99.04
4.74,4.76,-99.09
4.40,4.74,-99.15
3.84,4.73,-99.25
3.21,4.73,-99.31
2.67,4.77,-99.33
2.41,4.74,-99.30
2.30,4.79,-99.36
2.14,4.81,-99.46
1.79,4.83,-99.59
1.46,4.83,-99.66
1.16,4.82,-99.73
0.84,4.82,-99.82
0.49,4.89,-99.90
0.18,4.96,-99.94
-0.16,4.95,-100.00
-0.57,4.92,-100.09
-0.93,4.89,-100.15
-1.41,4.83,-100.18
-1.79,4.79,-100.15
-2.27,4.73,-100.08
-2.81,4.66,-99.98
-3.43,4.56,-99.89
-4.03,4.48,-99.76
-4.44,4.30,-99.58
-4.79,4.07,-99.40
-5.22,3.87,-99.19
-5.63,3.87,-98.95
-5.96,3.78,-98.85
-6.16,3.64,-98.80
-6.48,3.41,-98.79
-6.81,3.30,-98.77
-6.96,3.26,-98.68
-7.20,3.16,-98.56
-7.25,3.15,-98.47
-7.14,3.08,-98.34
-7.10,3.08,-98.26
-7.25,3.07,-98.20
-7.27,2.99,-98.16
-7.20,2.99,-98.08
-7.02,2.96,-98.02
-6.88,2.89,-97.90
-7.08,2.98,-97.84
-7.30,3.04,-97.77
-7.58,2.80,-97.74
-7.51,2.51,-97.76
-7.56,2.32,-97.65
-7.56,2.19,-97.39
-7.67,2.02,-97.27
-7.41,2.05,-97.19
-7.11,1.91,-97.11
-6.93,1.72,-97.06
-6.76,1.67,-97.00
-6.75,1.55,-96.92
-6.57,1.52,-96.70
-6.30,1.60,-96.55
-5.55,1.55,-96.48
-5.08,1.58,-96.40
-4.79,1.53,-96.34
-4.53,1.56,-96.32
-4.60,1.52,-96.35
-4.68,1.50,-96.36
-4.73,1.47,-96.28
-4.36,1.34,-96.18
-4.24,1.32,-96.16
-3.87,1.22,-96.16
-4.00,1.10,-96.23
-3.96,1.30,-96.41
-3.94,1.42,-96.40
-3.62,1.45,-96.44
-3.33,1.47,-96.53
-3.08,1.33,-96.65
-2.83,1.17,-96.77
-2.81,1.28,-96.79
-2.82,1.32,-96.79
-2.82,1.44,-96.89
-2.75,1.51,-97.00
-2.56,1.51,-97.10
-2.45,1.50,-97.23
-2.50,1.46,-97.44
-2.54,1.34,-97.71
-2.52,1.41,-97.92
-2.54,1.45,-98.05
-2.61,1.38,-98.33
-2.54,1.53,-98.69
-2.58,1.57,-99.23
-2.67,1.92,-99.74
-2.47,1.67,-99.94
-1.77,1.49,-100.42
-1.07,1.42,-101.36
-0.63,1.59,-102.43
-0.69,1.92,-103.12
-0.51,2.51,-103.56
-0.01,2.90,-104.37
0.49,3.52,-105.41
0.64,4.02,-106.39
0.82,4.69,-106.78
0.85,5.32,-107.26
0.96,6.11,-107.87
1.20,6.82,-108.87
1.34,7.25,-110.12
1.11,7.82,-111.10
0.94,8.64,-111.72
0.74,9.53,-112.29
0.43,10.23,-113.14
0.23,10.95,-114.07
-0.13,11.34,-114.60
-0.33,12.02,-115.02
-0.55,12.77,-115.58
-0.87,13.54,-116.39
-1.33,14.09,-117.20
-1.67,14.50,-117.78
-1.75,15.26,-118.16
-2.04,15.82,-118.97
-2.36,16.38,-120.02
-2.72,16.75,-120.63
-2.82,17.36,-120.47
-2.87,17.94,-120.30
-2.97,18.62,-120.25
-3.19,19.16,-120.36
-3.22,19.58,-120.26
-3.23,20.05,-120.12
-3.37,20.50,-119.80
-3.35,20.93,-119.32
-3.25,21.12,-118.86
-3.06,21.32,-118.64
-3.10,21.24,-118.51
-2.92,21.32,-118.29
-2.88,21.37,-117.85
-2.68,21.51,-117.13
-2.18,21.44,-116.37
-2.01,21.40,-115.90
-2.00,21.15,-115.59
-1.81,20.84,-115.13
-1.48,20.46,-114.47
-1.32,20.22,-113.92
-1.26,19.96,-113.38
-1.16,19.68,-112.78
-1.21,19.17,-112.09
-1.04,18.67,-111.27
-0.77,18.22,-110.51
-0.71,17.57,-109.77
-0.58,17.08,-108.96
-0.35,16.42,-107.87
-0.12,15.71,-106.73
-0.03,14.88,-105.63
0.29,14.10,-104.55
0.30,13.43,-103.47
0.42,12.62,-102.50
0.51,11.74,-101.42
0.54,10.75,-100.29
0.51,9.73,-98.97
0.80,8.77,-97.66
1.08,7.80,-96.63
0.90,6.92,-95.73
0.70,6.16,-94.70
0.49,5.26,-93.75
-0.03,4.45,-92.63
-0.25,3.47,-91.50
-0.22,2.53,-90.58
-0.48,1.41,-89.64
-0.68,0.37,-88.56
-1.06,-0.53,-87.47
-1.21,-1.45,-86.39
-1.75,-2.51,-85.21
-1.98,-3.17,-84.22
-2.21,-4.03,-83.36
-2.37,-5.06,-82.19
-2.55,-5.92,-81.10
-2.63,-6.69,-80.17
-3.31,-7.40,-79.11
-3.61,-8.09,-78.19
-3.85,-8.89,-77.41
-4.08,-9.58,-76.71
-3.92,-10.28,-76.35
-3.78,-11.07,-76.12
-3.81,-11.72,-75.98
-3.82,-12.44,-75.81
-3.67,-13.02,-75.90
-3.35,-13.65,-76.12
-3.12,-14.28,-76.36
-2.81,-14.73,-76.78
-2.37,-15.25,-77.32
-1.58,-15.62,-78.27
-1.17,-15.97,-79.17
-0.76,-16.29,-80.04
-0.01,-16.13,-81.31
0.49,-15.88,-82.79
0.85,-15.27,-84.36
1.03,-14.69,-85.88
1.03,-13.58,-87.12
1.09,-12.94,-87.93
1.22,-12.06,-88.53
1.28,-11.11,-89.15
1.20,-10.26,-89.80
1.34,-9.42,-90.41
1.95,-9.03,-91.03
2.08,-8.87,-91.58
2.13,-8.13,-92.10
1.92,-6.64,-92.73
1.94,-7.59,-93.14
3.05,-6.42,-94.23
3.16,-6.40,-95.06
3.03,-5.75,-95.32
3.03,-5.11,-95.23
3.09,-4.19,-95.30
2.78,-3.45,-95.44
2.27,-2.69,-95.44
1.92,-2.27,-95.26
1.51,-1.50,-95.18
1.39,-1.18,-94.97
1.53,-0.98,-94.84
1.41,-0.59,-94.86
1.39,-0.34,-94.97
1.25,-0.15,-95.00
1.12,0.07,-95.04
0.97,0.46,-95.01
0.88,0.62,-94.92
0.97,0.94,-94.95
0.87,0.83,-94.94
0.85,1.03,-94.92
0.67,1.03,-94.85
0.49,0.84,-94.84
0.39,1.43,-94.99
0.18,1.37,-95.12
0.37,1.37,-95.23
0.95,1.70,-95.04
1.32,2.10,-94.59
2.31,2.35,-94.11
2.11,2.70,-93.46
1.87,2.85,-92.36
2.38,2.99,-92.16
2.27,2.56,-91.82
2.31,2.11,-91.23
2.46,1.76,-90.70
2.63,0.08,-89.70
3.52,-1.82,-89.54
-1.33,-4.60,-88.58
-1.07,-5.83,-89.51
-1.76,-7.24,-90.44
-3.24,-8.44,-92.20
-4.64,-10.29,-94.94
-6.43,-18.06,-100.97
-7.76,-21.41,-103.15
-7.24,-19.34,-103.77
-5.97,-18.67,-105.09
-5.68,-18.57,-106.47
-5.18,-17.40,-107.88
-5.40,-16.31,-108.65
-7.31,-15.26,-107.92
-9.80,-13.68,-107.24
-12.73,-11.95,-106.73
-14.90,-10.70,-106.23
-15.88,-9.97,-105.17
-16.43,-9.41,-104.20
-17.20,-8.37,-103.10
-18.05,-6.84,-102.50
-18.93,-4.85,-102.42
-17.61,-4.55,-102.04
-16.83,-5.79,-102.80
-15.46,-7.62,-105.02
-13.78,-9.00,-107.93
-13.82,-8.38,-108.78
-14.48,-8.58,-109.28
-15.96,-9.65,-109.69
-17.66,-10.57,-110.77
-19.45,-12.42,-111.53
-20.96,-13.90,-111.42
-21.14,-15.41,-113.10
-19.74,-19.57,-116.55
-19.30,-23.14,-117.85
-19.74,-24.11,-118.23
-19.86,-24.49,-119.65
-20.59,-25.34,-121.20
-19.78,-27.52,-125.37
-20.24,-31.25,-128.73
-23.64,-33.54,-127.35
-24.83,-34.18,-126.76
-25.74,-34.57,-126.08
-25.75,-35.18,-126.77
-26.94,-35.18,-127.38
-27.63,-35.78,-128.61
-28.18,-37.54,-129.83
-28.84,-39.58,-131.23
-27.78,-41.04,-133.99
-27.77,-42.88,-136.11
-28.05,-44.45,-137.61
-28.13,-45.74,-139.60
-28.95,-47.49,-141.56
-29.11,-49.24,-144.26
-29.11,-50.69,-147.52
-28.25,-52.22,-150.31
-26.16,-53.98,-154.50
-24.87,-55.91,-158.26
-23.98,-57.47,-161.29
-22.16,-58.56,-164.08
-20.95,-59.79,-165.84
-21.33,-60.66,-165.51
-20.50,-61.33,-166.63
-19.06,-61.92,-168.35
-17.07,-62.83,-171.01
-15.09,-64.06,-173.73
-14.44,-65.41,-174.98
-13.50,-66.02,-176.15
-13.05,-67.15,-176.94
-13.83,-68.42,-176.64
-14.51,-69.45,-176.42
-15.91,-70.64,-175.46
-17.86,-71.76,-173.81
-19.58,-72.58,-172.21
-21.25,-73.21,-170.77
-22.97,-74.13,-169.45
-24.78,-75.27,-168.07
-26.01,-75.88,-167.12
-27.45,-76.35,-165.92
-28.66,-76.88,-164.84
-30.34,-77.25,-163.09
-31.98,-77.52,-161.31
-33.67,-77.83,-159.52
-35.51,-78.00,-157.55
-36.80,-77.97,-156.08
-37.91,-77.96,-154.82
-39.97,-77.99,-152.69
-41.64,-77.75,-150.90
-42.67,-77.44,-149.62
-43.68,-77.19,-148.50
-44.57,-77.00,-147.70
-45.41,-76.90,-146.90
-46.96,-76.85,-145.37
-47.60,-76.63,-144.58
-49.27,-76.59,-142.93
-50.07,-76.51,-142.05
-50.96,-76.33,-141.02
-51.69,-76.23,-140.16
-51.85,-76.22,-140.02
-51.81,-76.22,-140.08
-51.41,-76.29,-140.35
-51.21,-76.37,-140.40
-50.77,-76.50,-140.88
-50.11,-76.73,-141.48
-49.85,-76.92,-141.65
-48.96,-76.98,-142.46
-48.43,-77.07,-143.02
-47.83,-77.22,-143.54
-47.97,-77.30,-143.38
-48.31,-77.25,-143.05
-48.63,-77.07,-142.77
-48.71,-76.88,-142.70
-49.28,-76.84,-142.19
-49.79,-76.68,-141.76
-49.95,-76.48,-141.64
-49.94,-76.34,-141.65
-49.83,-76.32,-141.80
-49.72,-76.34,-141.99
-49.66,-76.37,-142.10
-49.59,-76.36,-142.22
-49.20,-76.42,-142.65
-48.73,-76.48,-143.20
-48.01,-76.53,-143.94
-47.79,-76.64,-144.20
-47.42,-76.71,-144.61
-47.02,-76.69,-145.07
-46.68,-76.79,-145.44
-46.32,-76.91,-145.83
-45.85,-77.03,-146.29
-45.44,-77.10,-146.74
-44.90,-77.14,-147.32
-44.13,-77.16,-148.12
-43.02,-77.21,-149.21
-41.88,-77.33,-150.27
-40.70,-77.35,-151.36
-39.41,-77.41,-152.64
-38.16,-77.54,-153.81
-37.15,-77.66,-154.71
-36.02,-77.71,-155.76
-34.51,-77.74,-157.24
-33.42,-77.84,-158.31
-32.77,-77.94,-159.00
-32.18,-77.95,-159.57
-31.81,-77.93,-159.92
-31.38,-77.92,-160.31
-30.78,-78.00,-160.90
-30.34,-78.08,-161.36
-30.38,-78.02,-161.34
-30.61,-77.95,-161.14
-30.67,-77.95,-161.14
-30.72,-77.91,-161.17
-30.46,-77.80,-161.48
-30.43,-77.83,-161.58
-30.00,-77.84,-162.08
-29.60,-77.92,-162.52
-29.04,-77.97,-163.07
-28.57,-78.04,-163.58
-28.17,-78.07,-164.03
-27.62,-78.06,-164.61
-27.32,-78.15,-164.96
-27.04,-78.15,-165.29
-26.88,-78.09,-165.48
-26.72,-78.08,-165.67
-26.50,-78.06,-165.93
-26.17,-78.01,-166.28
-26.08,-78.03,-166.43
-25.97,-77.99,-166.61
-25.80,-78.02,-166.82
-25.67,-78.02,-167.00
-25.54,-78.05,-167.16
-25.50,-78.07,-167.23
-25.28,-77.99,-167.48
-25.14,-77.98,-167.67
-24.84,-77.90,-168.03
-24.75,-77.96,-168.18
-24.51,-77.92,-168.46
-24.29,-77.88,-168.74
-24.01,-77.94,-169.05
-23.83,-78.01,-169.28
-23.65,-77.98,-169.51
-23.36,-77.99,-169.83
-23.05,-78.00,-170.16
-22.78,-78.07,-170.49
-22.50,-78.11,-170.82
-21.94,-78.15,-171.40
-21.47,-78.18,-171.91
-20.92,-78.20,-172.47
-20.21,-78.25,-173.24
-19.66,-78.30,-173.84
-19.31,-78.26,-174.21
-19.10,-78.20,-174.42
-18.84,-78.21,-174.68
-18.82,-78.23,-174.74
-18.84,-78.19,-174.74
-19.12,-78.22,-174.49
-19.31,-78.11,-174.27
-19.22,-77.99,-174.32
-19.40,-77.99,-174.15
-19.67,-77.93,-173.94
-19.86,-77.92,-173.82
-19.71,-77.94,-174.03
-19.62,-77.95,-174.18
-19.57,-77.92,-174.30
-19.49,-77.96,-174.44
-19.34,-78.00,-174.61
-19.21,-78.00,-174.74
-19.30,-78.02,-174.68
-19.65,-77.98,-174.34
-20.23,-77.93,-173.77
-20.77,-77.84,-173.26
-21.31,-77.78,-172.71
-22.29,-77.77,-171.75
-23.41,-77.60,-170.65
-24.89,-77.52,-169.18
-26.22,-77.27,-167.86
-28.28,-77.19,-165.86
-30.74,-77.01,-163.46
-32.80,-76.59,-161.42
-35.62,-76.17,-158.64
-39.04,-75.80,-155.22
-42.26,-75.22,-151.98
-45.68,-74.45,-148.48
-48.81,-73.79,-145.40
-50.87,-73.25,-143.55
-54.04,-72.50,-140.41
-56.70,-71.61,-137.69
-58.50,-70.70,-135.76
-59.95,-70.16,-134.30
-61.97,-69.49,-132.29
-63.57,-69.16,-130.82
-64.32,-68.66,-130.17
-65.11,-68.19,-129.34
-66.29,-67.52,-128.06
-67.11,-66.86,-127.20
-68.52,-66.19,-125.68
-69.18,-65.45,-124.94
-69.49,-64.72,-124.58
-70.35,-63.70,-123.54
-70.61,-62.77,-123.03
-70.34,-61.97,-123.14
-70.53,-61.60,-122.91
-70.72,-61.23,-122.80
-70.83,-60.86,-122.80
-71.16,-60.46,-122.49
-71.35,-60.06,-122.29
-71.05,-59.55,-122.52
-70.60,-59.19,-122.80
-69.60,-59.03,-123.56
-67.88,-59.69,-125.34
-67.62,-59.45,-125.57
-67.94,-59.28,-125.23
-67.88,-59.14,-125.30
-67.25,-59.37,-125.98
-66.72,-59.55,-126.43
-67.02,-59.49,-126.26
-67.25,-59.55,-126.06
-67.25,-59.46,-126.06
-67.31,-59.29,-125.95
-67.63,-59.12,-125.64
-67.77,-58.70,-125.51
-68.09,-58.47,-125.10
-68.13,-58.19,-125.05
-68.23,-57.80,-124.96
-68.62,-57.52,-124.54
-68.79,-57.22,-124.41
-69.00,-56.95,-124.18
-69.42,-56.53,-123.79
-69.72,-56.18,-123.48
-69.56,-55.90,-123.25
-69.75,-55.45,-122.98
-70.10,-54.87,-122.65
-70.74,-54.24,-121.95
-71.07,-53.39,-121.61
-71.46,-52.38,-121.14
-71.93,-51.35,-120.65
-72.51,-49.98,-119.97
-73.24,-48.61,-119.13
-73.77,-46.79,-118.46
-73.98,-45.19,-118.03
-74.26,-43.68,-117.59
-74.57,-42.48,-117.22
-74.85,-41.12,-116.71
-75.25,-39.80,-116.17
-75.62,-38.20,-115.62
-75.88,-36.64,-115.17
-76.04,-35.07,-114.80
-76.09,-33.44,-114.35
-76.13,-32.22,-113.95
-76.54,-31.21,-113.70
-76.51,-30.49,-113.63
-76.54,-29.39,-113.30
-76.43,-27.21,-112.96
-76.44,-25.74,-112.42
-76.45,-24.03,-111.84
-76.39,-22.65,-111.55
-76.29,-22.06,-111.39
-76.16,-21.42,-111.23
-76.20,-19.87,-110.52
-76.15,-18.36,-110.00
-76.08,-17.13,-109.73
-76.09,-15.35,-109.09
-76.01,-13.33,-108.44
-75.93,-11.51,-107.86
-75.84,-10.17,-107.49
-75.78,-8.83,-107.14
-75.52,-7.43,-106.91
-75.40,-6.85,-106.71
-75.37,-6.30,-106.51
-75.33,-5.91,-106.45
-75.41,-5.29,-106.11
-75.35,-3.63,-105.56
-75.39,-2.49,-105.06
-75.45,-1.31,-104.64
-76.51,-2.67,-104.95
-78.11,-2.30,-106.25
-78.99,-2.38,-105.90
-79.34,-3.06,-104.59
-79.43,-2.59,-104.74
-79.50,-2.45,-104.59
-79.56,-2.24,-104.45
-79.62,-2.22,-104.26
-79.70,-2.18,-104.18
-79.83,-2.04,-104.09
-79.93,-1.98,-103.97
-80.02,-1.88,-103.86
-80.12,-1.69,-103.80
-80.21,-1.48,-103.50
-80.29,-1.21,-103.36
-80.40,-1.01,-103.24
-80.50,-0.72,-102.93
-80.55,-0.47,-102.57
-80.58,-0.29,-102.25
-80.67,0.08,-102.10
-80.72,0.43,-101.69
-80.75,0.88,-101.35
-80.76,1.23,-101.07
-80.76,1.59,-100.63
-80.81,1.98,-100.18
-80.91,2.55,-99.91
-81.10,3.10,-99.32
-81.33,3.66,-98.87
-81.58,4.35,-98.41
-81.81,5.11,-97.72
-82.20,5.98,-97.20
-82.65,7.03,-96.90
-82.96,8.10,-96.09
-83.24,9.29,-95.50
-83.62,10.58,-95.24
-84.14,11.92,-95.26
-84.59,13.22,-94.65
-85.03,14.56,-94.48
-85.67,14.82,-94.78
-86.20,16.03,-94.74
-86.82,17.34,-94.87
-87.35,18.35,-94.83
-87.77,19.28,-94.35
-88.32,20.20,-94.32
-88.69,20.99,-94.03
-88.76,21.09,-93.38
-89.18,21.59,-93.57
-89.42,21.93,-93.16
-89.67,22.16,-92.82
-89.95,22.16,-92.79
-90.17,21.99,-92.72
-90.22,21.36,-92.74
-90.10,20.23,-93.08
-89.97,18.28,-94.35
-89.38,14.90,-95.87
-88.90,10.27,-97.38
-87.94,4.48,-98.71
-86.57,-1.02,-99.71
-84.99,-5.66,-100.72
-82.79,-10.25,-101.03
-80.23,-14.59,-103.39
-77.74,-16.85,-106.45
-75.48,-18.94,-108.84
-73.07,-20.57,-109.91
-70.52,-21.58,-110.31
-67.68,-22.00,-111.43
-64.26,-21.64,-114.07
-61.50,-21.49,-115.66
-59.14,-22.18,-116.40
-56.61,-22.94,-117.18
-53.76,-21.50,-120.54
-50.43,-18.60,-123.17
-46.61,-17.10,-124.03
-43.24,-15.24,-124.75
-40.38,-12.69,-126.18
-38.29,-10.53,-128.10
-36.39,-8.90,-129.98
-34.21,-7.26,-131.35
-32.06,-6.62,-131.42
-29.41,-5.08,-132.18
-26.64,-3.31,-131.34
-24.12,-2.81,-129.90
-22.65,-3.58,-128.97
-21.22,-2.45,-129.56
-19.78,-1.53,-128.85
-22.66,1.04,-126.61
-25.81,6.71,-125.77
-27.66,12.65,-126.09
-26.94,15.14,-124.67
-24.87,14.90,-123.70
-24.03,17.33,-122.62
-20.98,19.59,-117.42
-16.33,21.46,-109.61
-11.52,23.66,-103.03
-8.56,25.61,-99.04
-7.35,22.55,-98.56
-6.24,20.08,-98.93
-5.67,18.92,-97.94
-5.01,17.51,-94.72
-2.09,14.97,-93.04
1.75,12.97,-89.68
2.83,11.30,-87.56
2.27,10.29,-87.05
0.99,9.37,-87.29
-0.22,7.62,-86.87
-1.57,6.01,-86.31
-1.79,4.87,-85.20
-2.19,4.40,-84.25
-1.94,4.68,-84.24
-1.83,3.96,-85.10
-1.53,3.06,-86.51
-1.67,2.64,-89.07
-1.39,2.39,-90.73
-0.43,2.11,-90.99
0.24,1.60,-91.29
1.07,1.10,-91.25
1.69,0.72,-91.09
2.10,0.25,-90.99
2.36,-0.35,-90.97
2.44,-0.82,-90.77
2.47,-0.96,-90.59
2.52,-0.96,-90.43
2.67,-1.28,-90.57
2.74,-1.87,-90.55
2.37,-2.22,-91.40
2.26,-2.26,-91.67
2.14,-1.86,-91.79
1.86,-1.62,-91.37
1.59,-1.94,-91.54
1.51,-2.45,-91.49
1.56,-2.23,-91.29
1.53,-1.90,-90.73
1.74,-2.03,-90.49
2.38,-2.45,-90.18
2.45,-2.60,-90.21
2.19,-2.55,-90.24
2.15,-2.54,-90.27
2.15,-2.41,-90.27
2.15,-2.18,-90.26
2.09,-1.95,-90.25
2.02,-1.74,-90.23
1.96,-1.53,-90.21
1.91,-1.38,-90.19
1.83,-1.18,-90.18
1.92,-1.24,-90.17
1.91,-1.11,-90.15
1.79,-0.96,-90.15
1.74,-0.79,-90.15
1.58,-0.65,-90.16
1.53,-0.57,-90.16
1.49,-0.48,-90.16
1.42,-0.40,-90.16
1.45,-0.34,-90.17
1.51,-0.35,-90.17
1.42,-0.25,-90.19
1.31,-0.17,-90.20
1.26,-0.09,-90.21
1.20,0.01,-90.22
1.16,0.07,-90.24
1.13,0.12,-90.25
1.10,0.18,-90.26
1.04,0.24,-90.28
1.00,0.30,-90.29
0.98,0.34,-90.30
1.03,0.35,-90.32
1.04,0.39,-90.33
0.99,0.43,-90.35
0.93,0.52,-90.37
0.90,0.55,-90.38
0.89,0.56,-90.40
0.89,0.58,-90.42
0.82,0.61,-90.44
0.84,0.60,-90.46
0.86,0.57,-90.48
0.77,0.58,-90.49
0.71,0.59,-90.51
0.67,0.61,-90.53
0.63,0.64,-90.54
0.58,0.67,-90.56
0.53,0.69,-90.57
0.48,0.72,-90.59
0.44,0.74,-90.60
0.41,0.75,-90.62
0.39,0.78,-90.63
0.38,0.80,-90.65
0.36,0.83,-90.67
0.34,0.82,-90.74
0.56,0.78,-90.72
0.50,0.77,-90.73
0.42,0.87,-90.85
0.42,0.81,-90.92
0.40,0.91,-90.88
0.38,0.96,-90.97
0.37,0.96,-91.04
0.38,0.97,-91.06
0.39,0.93,-91.11
0.40,0.97,-91.16
0.36,1.02,-91.19
0.34,1.05,-91.21
0.34,1.05,-91.26
0.34,1.04,-91.29
0.33,1.07,-91.31
0.31,1.09,-91.35
0.30,1.10,-91.39
0.28,1.09,-91.41
0.26,1.06,-91.46
0.28,0.97,-91.57
0.22,1.07,-91.58
0.16,1.19,-91.55
0.18,1.20,-91.62
0.20,1.21,-91.64
0.16,1.25,-91.65
0.14,1.28,-91.68
0.14,1.30,-91.72
0.14,1.32,-91.76
0.15,1.37,-91.79
0.16,1.42,-91.81
0.16,1.42,-91.83
0.15,1.41,-91.87
0.16,1.43,-91.90
0.17,1.45,-91.94
0.17,1.50,-91.97
0.16,1.52,-92.00
0.17,1.53,-92.04
0.17,1.55,-92.07
0.16,1.57,-92.10
0.16,1.57,-92.14
0.15,1.59,-92.17
0.14,1.63,-92.20
0.16,1.64,-92.23
0.17,1.66,-92.25
0.17,1.65,-92.28
0.16,1.66,-92.31
0.16,1.69,-92.35
0.15,1.76,-92.37
0.15,1.81,-92.40
0.14,1.82,-92.43
0.14,1.84,-92.46
0.16,1.84,-92.50
0.18,1.85,-92.54
0.19,1.85,-92.64
0.17,1.84,-92.67
0.17,1.86,-92.68
0.18,1.87,-92.70
0.18,1.85,-92.75
0.18,1.82,-92.81
0.15,1.89,-92.83
0.16,1.92,-92.84
0.16,1.92,-92.88
0.13,1.96,-92.89
0.15,1.98,-92.93
0.14,2.02,-92.95
0.15,2.04,-92.97
0.19,1.96,-93.10
0.10,2.05,-93.04
0.16,2.03,-93.11
0.13,2.08,-93.12
0.13,2.09,-93.14
0.13,2.09,-93.17
0.12,2.14,-93.18
0.10,2.19,-93.21
0.10,2.21,-93.23
0.16,2.17,-93.26
0.15,2.21,-93.29
0.14,2.24,-93.30
0.16,2.28,-93.32
0.15,2.31,-93.36
0.14,2.32,-93.38
0.16,2.33,-93.41
0.15,2.37,-93.43
0.16,2.40,-93.46
0.15,2.40,-93.49
0.15,2.43,-93.52
0.15,2.46,-93.55
0.14,2.49,-93.58
0.14,2.48,-93.60
0.14,2.49,-93.64
0.13,2.50,-93.66
0.13,2.51,-93.69
0.15,2.54,-93.72
0.14,2.55,-93.74
0.14,2.55,-93.77
0.14,2.56,-93.80
0.12,2.57,-93.83
0.11,2.59,-93.85
0.11,2.62,-93.87
0.12,2.63,-93.88
0.13,2.62,-93.86
0.13,2.61,-93.87
0.12,2.61,-93.93
0.11,2.65,-93.97
0.13,2.66,-93.95
0.15,2.68,-93.91
0.16,2.66,-93.92
0.14,2.65,-93.97
0.12,2.68,-93.99
0.13,2.70,-93.99
0.12,2.69,-94.02
0.11,2.71,-94.06
0.11,2.73,-94.06
0.14,2.72,-94.05
0.13,2.71,-94.10
0.13,2.73,-94.12
0.12,2.72,-94.09
0.13,2.74,-94.10
0.12,2.75,-94.14
0.12,2.77,-94.17
0.11,2.79,-94.22
0.14,2.83,-94.20
0.16,2.83,-94.14
0.17,2.80,-94.16
0.17,2.78,-94.22
0.16,2.78,-94.26
0.16,2.81,-94.26
0.21,2.78,-94.26
0.22,2.85,-94.14
0.21,2.79,-94.21
0.21,2.76,-94.27
0.19,2.79,-94.26
0.21,2.77,-94.27
0.18,2.80,-94.28
0.17,2.79,-94.30
0.18,2.81,-94.31
0.18,2.82,-94.31
0.19,2.81,-94.33
0.19,2.79,-94.33
0.18,2.80,-94.35
0.18,2.81,-94.37
0.15,2.82,-94.39
0.15,2.84,-94.40
0.17,2.86,-94.40
0.17,2.86,-94.40
0.18,2.85,-94.40
0.18,2.83,-94.42
0.15,2.82,-94.45
0.15,2.83,-94.45
0.15,2.83,-94.47
0.16,2.83,-94.46
0.16,2.81,-94.45
0.16,2.80,-94.46
0.15,2.81,-94.48
0.15,2.81,-94.49
0.15,2.82,-94.50
0.15,2.82,-94.51
0.12,2.85,-94.53
0.12,2.87,-94.54
0.13,2.87,-94.53
0.13,2.87,-94.53
0.13,2.87,-94.54
0.13,2.87,-94.56
0.12,2.88,-94.57
0.12,2.90,-94.58
0.13,2.92,-94.57
0.15,2.91,-94.57
0.15,2.91,-94.57
0.15,2.92,-94.58
0.16,2.92,-94.60
0.16,2.95,-94.60
0.14,2.96,-94.59
0.14,2.95,-94.59
0.14,2.94,-94.59
0.16,2.94,-94.59
0.15,2.93,-94.61
0.15,2.94,-94.62
0.15,2.95,-94.62
0.15,2.95,-94.62
0.12,2.94,-94.64
0.11,2.95,-94.64
0.12,2.94,-94.63
0.14,2.92,-94.63
0.14,2.90,-94.65
0.13,2.88,-94.67
0.11,2.90,-94.70
0.12,2.91,-94.70
0.13,2.91,-94.70
0.11,2.91,-94.69
0.11,2.92,-94.70
0.11,2.92,-94.71
0.11,2.94,-94.73
0.13,2.93,-94.73
0.13,2.94,-94.74
0.13,2.96,-94.74
0.14,2.97,-94.72
0.14,2.96,-94.73
0.15,2.96,-94.74
0.15,2.97,-94.75
0.15,2.96,-94.76
0.14,2.95,-94.78
0.15,2.98,-94.77
0.15,2.97,-94.77
0.15,2.96,-94.77
0.16,2.98,-94.77
0.16,2.97,-94.74
0.17,2.98,-94.77
0.15,2.99,-94.78
0.15,3.01,-94.76
0.15,3.01,-94.76
0.15,3.01,-94.75
0.15,3.00,-94.75
0.15,2.97,-94.76
0.14,2.96,-94.77
0.14,2.98,-94.78
0.14,2.99,-94.77
0.15,2.98,-94.76
0.17,2.97,-94.76
0.18,2.98,-94.78
0.17,2.98,-94.78
0.19,2.97,-94.79
0.19,2.98,-94.79
0.18,2.97,-94.80
0.18,2.98,-94.80
0.18,2.95,-94.81
0.15,2.97,-94.82
0.17,2.96,-94.83
0.19,2.97,-94.83
0.18,2.98,-94.84
0.18,2.99,-94.84
0.17,3.00,-94.85
0.18,2.99,-94.86
0.18,2.98,-94.86
0.18,2.99,-94.87
0.17,2.98,-94.88
0.17,2.97,-94.88
0.17,2.96,-94.88
0.17,2.95,-94.89
0.17,2.94,-94.90
0.19,2.96,-94.91
0.20,2.97,-94.92
0.19,2.98,-94.92
0.19,2.99,-94.91
0.19,2.98,-94.91
0.19,2.98,-94.91
0.20,2.97,-94.91
0.22,2.97,-94.91
0.21,2.96,-94.91
0.21,2.97,-94.92
0.20,2.98,-94.91
0.19,2.99,-94.91
0.17,3.00,-94.93
0.16,3.00,-94.93
0.16,3.01,-94.92
0.16,3.00,-94.92
0.18,2.99,-94.92
0.19,3.00,-94.92
0.18,3.01,-94.93
0.20,3.03,-94.93
0.21,3.02,-94.89
0.22,3.01,-94.90
0.20,3.00,-94.92
0.20,3.01,-94.90
0.20,3.01,-94.89
0.21,3.02,-94.90
0.21,3.03,-94.90
0.20,3.02,-94.91
0.18,3.01,-94.91
0.17,3.03,-94.91
0.17,3.02,-94.91
0.17,3.01,-94.91
0.17,3.00,-94.91
0.16,3.01,-94.92
0.16,3.02,-94.93
0.16,3.03,-94.93
0.15,3.01,-94.92
0.15,3.00,-94.92
0.15,3.01,-94.92
0.16,3.00,-94.92
0.15,3.01,-94.92
0.15,3.02,-94.91
0.15,3.01,-94.91
0.15,3.02,-94.91
0.15,3.02,-94.92
0.17,3.01,-94.91
0.17,3.00,-94.90
0.18,2.97,-94.90
0.18,2.98,-94.90
0.17,2.98,-94.90
0.19,2.99,-94.89
0.20,2.98,-94.89
0.18,2.99,-94.89
0.18,3.01,-94.89
0.17,3.02,-94.90
0.16,3.02,-94.90
0.16,3.03,-94.90
0.16,3.04,-94.90
0.15,3.05,-94.90
0.15,3.03,-94.90
0.15,3.04,-94.90
0.17,3.03,-94.90
0.15,3.01,-94.90
0.17,3.00,-94.91
0.16,2.99,-94.91
0.16,3.00,-94.91
0.16,3.01,-94.91
0.16,3.03,-94.92
0.15,3.03,-94.92
0.13,3.02,-94.92
0.14,3.01,-94.93
0.13,3.03,-94.93
0.15,3.02,-94.92
0.14,3.03,-94.93
0.12,3.02,-94.93
0.10,3.03,-94.94
0.11,3.01,-94.95
0.11,3.00,-94.95
0.11,3.00,-94.96
0.11,3.01,-94.96
0.12,3.02,-94.96
0.12,2.99,-94.96
0.12,2.98,-94.97
0.12,2.97,-94.97
0.12,2.99,-94.97
0.12,2.98,-94.97
0.12,2.99,-94.97
0.12,3.00,-94.97
0.12,3.01,-94.96
0.12,3.00,-94.96
0.15,3.01,-94.96
0.15,3.02,-94.96
0.15,3.01,-94.96
0.15,3.00,-94.96
0.15,3.01,-94.95
0.15,2.99,-94.95
0.17,2.98,-94.95
0.16,3.00,-94.94
0.16,2.98,-94.94
0.16,3.00,-94.94
0.15,2.99,-94.94
0.15,2.98,-94.95
0.15,2.99,-94.95
0.15,2.98,-94.95
0.15,2.99,-94.94
0.15,2.98,-94.94
0.15,2.99,-94.94
0.15,3.00,-94.93
0.17,2.99,-94.93
0.19,3.00,-94.93
0.20,2.99,-94.93
0.20,2.98,-94.93
0.21,2.98,-94.94
0.21,2.99,-94.94
0.22,2.98,-94.95
0.21,2.97,-94.95
0.20,2.97,-94.96
0.20,2.97,-94.96
0.20,2.97,-94.97
0.19,2.96,-94.97
0.20,2.99,-94.97
0.20,2.98,-94.97
0.20,2.98,-94.96
0.19,3.01,-94.96
0.19,3.02,-94.96
0.19,3.03,-94.96
0.18,3.02,-94.95
0.18,3.01,-94.94
0.18,3.00,-94.95
0.17,3.01,-94.95
0.17,3.02,-94.96
0.18,3.02,-94.96
0.18,3.01,-94.96
0.18,3.00,-94.97
0.18,2.99,-94.96
0.17,3.00,-94.96
0.17,2.99,-94.96
0.18,3.02,-94.96
0.18,3.01,-94.95
0.17,3.02,-94.95
0.17,3.03,-94.95
0.17,3.04,-94.95
0.17,3.06,-94.95
0.15,3.04,-94.94
0.17,3.05,-94.94
0.16,3.04,-94.94
0.16,3.05,-94.94
0.16,3.05,-94.94
0.18,3.06,-94.94
0.16,3.06,-94.94
0.16,3.04,-94.94
0.16,3.01,-94.94
0.16,3.01,-94.94
0.16,3.00,-94.94
0.17,3.01,-94.94
0.17,3.02,-94.94
0.17,3.02,-94.94
0.15,3.03,-94.94
0.15,3.02,-94.94
0.15,3.01,-94.94
0.15,3.00,-94.94
0.13,3.01,-94.94
0.13,3.02,-94.94
0.14,3.01,-94.94
0.13,3.02,-94.94
0.13,3.02,-94.94
0.14,3.03,-94.94
0.14,3.04,-94.94
0.13,3.04,-94.94
0.14,3.04,-94.94
0.15,3.05,-94.95
0.16,3.06,-94.96
0.16,3.04,-94.97
0.14,3.05,-94.97
0.14,3.03,-94.98
0.14,3.00,-94.98
0.14,2.99,-94.98
0.14,3.00,-94.98
0.14,3.01,-94.98
0.14,3.02,-94.98
0.14,3.02,-94.98
0.13,3.01,-94.98
0.13,3.00,-94.98
0.14,3.01,-94.98
0.14,3.02,-94.99
0.14,2.99,-94.99
0.14,3.00,-95.00
0.14,3.02,-95.00
0.16,2.99,-95.00
0.16,2.98,-95.01
0.17,2.99,-95.02
0.14,3.00,-95.02
0.14,3.00,-95.02
0.14,3.01,-95.02
0.15,3.00,-95.02
0.17,3.03,-95.02
0.19,3.03,-95.02
0.19,3.04,-95.02
0.19,3.05,-95.02
0.19,3.05,-95.02
0.18,3.07,-95.01
0.20,3.06,-95.01
0.20,3.07,-95.01
0.20,3.05,-95.01
0.19,3.03,-95.01
0.21,3.02,-95.01
0.18,3.03,-95.02
0.20,3.02,-95.02
0.20,3.02,-95.02
0.20,3.01,-95.03
0.19,3.02,-95.04
0.19,3.03,-95.04
0.19,3.04,-95.04
0.19,3.04,-95.04
0.18,3.04,-95.04
0.18,3.05,-95.05
0.19,3.03,-95.05
0.20,3.02,-95.05
0.20,3.01,-95.05
0.20,3.00,-95.04
0.17,3.00,-95.05
0.17,2.99,-95.05
0.17,3.02,-95.05
0.17,2.99,-95.05
0.17,2.98,-95.05
0.19,2.97,-95.05
0.19,2.98,-95.04
0.17,2.98,-95.05
0.17,2.98,-95.06
0.18,2.99,-95.05
0.19,2.98,-95.06
0.19,2.99,-95.06
0.21,3.00,-95.05
0.20,3.00,-95.06
0.20,3.03,-95.06
0.22,3.03,-95.05
0.21,3.05,-95.06
0.21,3.06,-95.06
0.21,3.06,-95.06
0.22,3.04,-95.06
0.22,3.01,-95.05
0.23,3.00,-95.05
0.21,2.97,-95.06
0.19,3.00,-95.07
0.18,3.01,-95.08
0.16,3.02,-95.08
0.15,3.01,-95.09
0.15,3.01,